-5	-2	-6	-53.4
-5	-1	-6	-53.4
-5	0	-6	-53.4
-5	1	-6	-53.4
-5	2	-6	-53.4
-4	-4	-6	-53.4
-4	-3	-6	-53.4
-4	-2	-6	-53.4
-4	-1	-6	-53.4
-4	0	-6	-53.4
-4	1	-6	-53.4
-4	2	-6	-53.4
-4	3	-6	-53.4
-4	4	-6	-53.4
-3	-4	-6	-53.4
-3	-3	-6	-53.4
-3	-2	-6	-53.4
-3	-1	-6	-53.4
-3	0	-6	-53.4
-3	1	-6	-53.4
-3	2	-6	-53.4
-3	3	-6	-53.4
-3	4	-6	-53.4
-2	-5	-6	-53.4
-2	-4	-6	-53.4
-2	-3	-6	-53.4
-2	-2	-6	-53.4
-2	-1	-6	-53.4
-2	0	-6	-53.4
-2	1	-6	-53.4
-2	2	-6	-53.4
-2	3	-6	-53.4
-2	4	-6	-53.4
-2	5	-6	-53.4
-1	-5	-6	-53.4
-1	-4	-6	-53.4
-1	-3	-6	-53.4
-1	-2	-6	-53.4
-1	-1	-6	-53.4
-1	0	-6	-53.4
-1	1	-6	-53.4
-1	2	-6	-53.4
-1	3	-6	-53.4
-1	4	-6	-53.4
-1	5	-6	-53.4
0	-5	-6	-53.4
0	-4	-6	-53.4
0	-3	-6	-53.4
0	-2	-6	-53.4
0	-1	-6	-53.4
0	0	-6	-53.4
0	1	-6	-53.4
0	2	-6	-53.4
0	3	-6	-53.4
0	4	-6	-53.4
0	5	-6	-53.4
1	-5	-6	-53.4
1	-4	-6	-53.4
1	-3	-6	-53.4
1	-2	-6	-53.4
1	-1	-6	-53.4
1	0	-6	-53.4
1	1	-6	-53.4
1	2	-6	-53.4
1	3	-6	-53.4
1	4	-6	-53.4
1	5	-6	-53.4
2	-5	-6	-53.4
2	-4	-6	-53.4
2	-3	-6	-53.4
2	-2	-6	-53.4
2	-1	-6	-53.4
2	0	-6	-53.4
2	1	-6	-53.4
2	2	-6	-53.4
2	3	-6	-53.4
2	4	-6	-53.4
2	5	-6	-53.4
3	-4	-6	-53.4
3	-3	-6	-53.4
3	-2	-6	-53.4
3	-1	-6	-53.4
3	0	-6	-53.4
3	1	-6	-53.4
3	2	-6	-53.4
3	3	-6	-53.4
3	4	-6	-53.4
4	-4	-6	-53.4
4	-3	-6	-53.4
4	-2	-6	-53.4
4	-1	-6	-53.4
4	0	-6	-53.4
4	1	-6	-53.4
4	2	-6	-53.4
4	3	-6	-53.4
4	4	-6	-53.4
5	-2	-6	-53.4
5	-1	-6	-53.4
5	0	-6	-53.4
5	1	-6	-53.4
5	2	-6	-53.4
-7	-1	-5	-53.4
-7	0	-5	-53.4
-7	1	-5	-53.4
-6	-3	-5	-53.4
-6	-2	-5	-53.4
-6	-1	-5	-53.4
-6	0	-5	-53.4
-6	1	-5	-53.4
-6	2	-5	-53.4
-6	3	-5	-53.4
-5	-5	-5	-53.4
-5	-4	-5	-53.4
-5	-3	-5	-53.4
-5	-2	-5	-53.4
-5	-1	-5	-53.4
-5	0	-5	-53.4
-5	1	-5	-53.4
-5	2	-5	-53.4
-5	3	-5	-53.4
-5	4	-5	-53.4
-5	5	-5	-53.4
-4	-5	-5	-53.4
-4	-4	-5	-53.4
-4	-3	-5	-53.4
-4	-2	-5	-53.4
-4	-1	-5	-53.4
-4	0	-5	-53.4
-4	1	-5	-53.4
-4	2	-5	-53.4
-4	3	-5	-53.4
-4	4	-5	-53.4
-4	5	-5	-53.4
-3	-6	-5	-53.4
-3	-5	-5	-53.4
-3	-4	-5	-53.4
-3	-3	-5	-53.4
-3	-2	-5	-53.4
-3	-1	-5	-53.4
-3	0	-5	-53.4
-3	1	-5	-53.4
-3	2	-5	-53.4
-3	3	-5	-53.4
-3	4	-5	-53.4
-3	5	-5	-53.4
-3	6	-5	-53.4
-2	-6	-5	-53.4
-2	-5	-5	-53.4
-2	-4	-5	-53.4
-2	-3	-5	-53.4
-2	-2	-5	-53.4
-2	-1	-5	-53.4
-2	0	-5	-53.4
-2	1	-5	-53.4
-2	2	-5	-53.4
-2	3	-5	-53.4
-2	4	-5	-53.4
-2	5	-5	-53.4
-2	6	-5	-53.4
-1	-7	-5	-53.4
-1	-6	-5	-53.4
-1	-5	-5	-53.4
-1	-4	-5	-53.4
-1	-3	-5	-53.4
-1	-2	-5	-53.4
-1	-1	-5	-53.4
-1	0	-5	-53.4
-1	1	-5	-53.4
-1	2	-5	-53.4
-1	3	-5	-53.4
-1	4	-5	-53.4
-1	5	-5	-53.4
-1	6	-5	-53.4
-1	7	-5	-53.4
0	-7	-5	-53.4
0	-6	-5	-53.4
0	-5	-5	-53.4
0	-4	-5	-53.4
0	-3	-5	-53.4
0	-2	-5	-53.4
0	-1	-5	-53.4
0	0	-5	-53.4
0	1	-5	-53.4
0	2	-5	-53.4
0	3	-5	-53.4
0	4	-5	-53.4
0	5	-5	-53.4
0	6	-5	-53.4
0	7	-5	-53.4
1	-7	-5	-53.4
1	-6	-5	-53.4
1	-5	-5	-53.4
1	-4	-5	-53.4
1	-3	-5	-53.4
1	-2	-5	-53.4
1	-1	-5	-53.4
1	0	-5	-53.4
1	1	-5	-53.4
1	2	-5	-53.4
1	3	-5	-53.4
1	4	-5	-53.4
1	5	-5	-53.4
1	6	-5	-53.4
1	7	-5	-53.4
2	-6	-5	-53.4
2	-5	-5	-53.4
2	-4	-5	-53.4
2	-3	-5	-53.4
2	-2	-5	-53.4
2	-1	-5	-53.4
2	0	-5	-53.4
2	1	-5	-53.4
2	2	-5	-53.4
2	3	-5	-53.4
2	4	-5	-53.4
2	5	-5	-53.4
2	6	-5	-53.4
3	-6	-5	-53.4
3	-5	-5	-53.4
3	-4	-5	-53.4
3	-3	-5	-53.4
3	-2	-5	-53.4
3	-1	-5	-53.4
3	0	-5	-53.4
3	1	-5	-53.4
3	2	-5	-53.4
3	3	-5	-53.4
3	4	-5	-53.4
3	5	-5	-53.4
3	6	-5	-53.4
4	-5	-5	-53.4
4	-4	-5	-53.4
4	-3	-5	-53.4
4	-2	-5	-53.4
4	-1	-5	-53.4
4	0	-5	-53.4
4	1	-5	-53.4
4	2	-5	-53.4
4	3	-5	-53.4
4	4	-5	-53.4
4	5	-5	-53.4
5	-5	-5	-53.4
5	-4	-5	-53.4
5	-3	-5	-53.4
5	-2	-5	-53.4
5	-1	-5	-53.4
5	0	-5	-53.4
5	1	-5	-53.4
5	2	-5	-53.4
5	3	-5	-53.4
5	4	-5	-53.4
5	5	-5	-53.4
6	-3	-5	-53.4
6	-2	-5	-53.4
6	-1	-5	-53.4
6	0	-5	-53.4
6	1	-5	-53.4
6	2	-5	-53.4
6	3	-5	-53.4
7	-1	-5	-53.4
7	0	-5	-53.4
7	1	-5	-53.4
-7	-3	-4	-53.4
-7	-2	-4	-53.4
-7	-1	-4	-53.4
-7	0	-4	-53.4
-7	1	-4	-53.4
-7	2	-4	-53.4
-7	3	-4	-53.4
-6	-5	-4	-53.4
-6	-4	-4	-53.4
-6	-3	-4	-53.4
-6	-2	-4	-53.4
-6	-1	-4	-53.4
-6	0	-4	-53.4
-6	1	-4	-53.4
-6	2	-4	-53.4
-6	3	-4	-53.4
-6	4	-4	-53.4
-6	5	-4	-53.4
-5	-6	-4	-53.4
-5	-5	-4	-53.4
-5	-4	-4	-53.4
-5	-3	-4	-53.4
-5	-2	-4	-53.4
-5	-1	-4	-53.4
-5	0	-4	-53.4
-5	1	-4	-53.4
-5	2	-4	-53.4
-5	3	-4	-53.4
-5	4	-4	-53.4
-5	5	-4	-53.4
-5	6	-4	-53.4
-4	-6	-4	-53.4
-4	-5	-4	-53.4
-4	-4	-4	-53.4
-4	-3	-4	-53.4
-4	-2	-4	-53.4
-4	-1	-4	-53.4
-4	0	-4	-53.4
-4	1	-4	-53.4
-4	2	-4	-53.4
-4	3	-4	-53.4
-4	4	-4	-53.4
-4	5	-4	-53.4
-4	6	-4	-53.4
-3	-7	-4	-53.4
-3	-6	-4	-53.4
-3	-5	-4	-53.4
-3	-4	-4	-53.4
-3	-3	-4	-53.4
-3	-2	-4	-46.8
-3	-1	-4	-46.8
-3	0	-4	-46.8
-3	1	-4	-46.8
-3	2	-4	-46.8
-3	3	-4	-53.4
-3	4	-4	-53.4
-3	5	-4	-53.4
-3	6	-4	-53.4
-3	7	-4	-53.4
-2	-7	-4	-53.4
-2	-6	-4	-53.4
-2	-5	-4	-53.4
-2	-4	-4	-53.4
-2	-3	-4	-46.8
-2	-2	-4	-46.8
-2	-1	-4	-46.8
-2	0	-4	-46.8
-2	1	-4	-46.8
-2	2	-4	-46.8
-2	3	-4	-46.8
-2	4	-4	-53.4
-2	5	-4	-53.4
-2	6	-4	-53.4
-2	7	-4	-53.4
-1	-7	-4	-53.4
-1	-6	-4	-53.4
-1	-5	-4	-53.4
-1	-4	-4	-53.4
-1	-3	-4	-46.8
-1	-2	-4	-46.8
-1	-1	-4	-46.8
-1	0	-4	-46.8
-1	1	-4	-46.8
-1	2	-4	-46.8
-1	3	-4	-46.8
-1	4	-4	-53.4
-1	5	-4	-53.4
-1	6	-4	-53.4
-1	7	-4	-53.4
0	-7	-4	-53.4
0	-6	-4	-53.4
0	-5	-4	-53.4
0	-4	-4	-53.4
0	-3	-4	-46.8
0	-2	-4	-46.8
0	-1	-4	-46.8
0	0	-4	-46.8
0	1	-4	-46.8
0	2	-4	-46.8
0	3	-4	-46.8
0	4	-4	-53.4
0	5	-4	-53.4
0	6	-4	-53.4
0	7	-4	-53.4
1	-7	-4	-53.4
1	-6	-4	-53.4
1	-5	-4	-53.4
1	-4	-4	-53.4
1	-3	-4	-46.8
1	-2	-4	-46.8
1	-1	-4	-46.8
1	0	-4	-46.8
1	1	-4	-46.8
1	2	-4	-46.8
1	3	-4	-46.8
1	4	-4	-53.4
1	5	-4	-53.4
1	6	-4	-53.4
1	7	-4	-53.4
2	-7	-4	-53.4
2	-6	-4	-53.4
2	-5	-4	-53.4
2	-4	-4	-53.4
2	-3	-4	-46.8
2	-2	-4	-46.8
2	-1	-4	-46.8
2	0	-4	-46.8
2	1	-4	-46.8
2	2	-4	-46.8
2	3	-4	-46.8
2	4	-4	-53.4
2	5	-4	-53.4
2	6	-4	-53.4
2	7	-4	-53.4
3	-7	-4	-53.4
3	-6	-4	-53.4
3	-5	-4	-53.4
3	-4	-4	-53.4
3	-3	-4	-53.4
3	-2	-4	-46.8
3	-1	-4	-46.8
3	0	-4	-46.8
3	1	-4	-46.8
3	2	-4	-46.8
3	3	-4	-53.4
3	4	-4	-53.4
3	5	-4	-53.4
3	6	-4	-53.4
3	7	-4	-53.4
4	-6	-4	-53.4
4	-5	-4	-53.4
4	-4	-4	-53.4
4	-3	-4	-53.4
4	-2	-4	-53.4
4	-1	-4	-53.4
4	0	-4	-53.4
4	1	-4	-53.4
4	2	-4	-53.4
4	3	-4	-53.4
4	4	-4	-53.4
4	5	-4	-53.4
4	6	-4	-53.4
5	-6	-4	-53.4
5	-5	-4	-53.4
5	-4	-4	-53.4
5	-3	-4	-53.4
5	-2	-4	-53.4
5	-1	-4	-53.4
5	0	-4	-53.4
5	1	-4	-53.4
5	2	-4	-53.4
5	3	-4	-53.4
5	4	-4	-53.4
5	5	-4	-53.4
5	6	-4	-53.4
6	-5	-4	-53.4
6	-4	-4	-53.4
6	-3	-4	-53.4
6	-2	-4	-53.4
6	-1	-4	-53.4
6	0	-4	-53.4
6	1	-4	-53.4
6	2	-4	-53.4
6	3	-4	-53.4
6	4	-4	-53.4
6	5	-4	-53.4
7	-3	-4	-53.4
7	-2	-4	-53.4
7	-1	-4	-53.4
7	0	-4	-53.4
7	1	-4	-53.4
7	2	-4	-53.4
7	3	-4	-53.4
-8	-2	-3	-53.4
-8	-1	-3	-53.4
-8	0	-3	-53.4
-8	1	-3	-53.4
-8	2	-3	-53.4
-7	-4	-3	-53.4
-7	-3	-3	-53.4
-7	-2	-3	-53.4
-7	-1	-3	-53.4
-7	0	-3	-53.4
-7	1	-3	-53.4
-7	2	-3	-53.4
-7	3	-3	-53.4
-7	4	-3	-53.4
-6	-5	-3	-53.4
-6	-4	-3	-53.4
-6	-3	-3	-53.4
-6	-2	-3	-53.4
-6	-1	-3	-53.4
-6	0	-3	-53.4
-6	1	-3	-53.4
-6	2	-3	-53.4
-6	3	-3	-53.4
-6	4	-3	-53.4
-6	5	-3	-53.4
-5	-6	-3	-53.4
-5	-5	-3	-53.4
-5	-4	-3	-53.4
-5	-3	-3	-53.4
-5	-2	-3	-46.8
-5	-1	-3	-46.8
-5	0	-3	-46.8
-5	1	-3	-46.8
-5	2	-3	-46.8
-5	3	-3	-53.4
-5	4	-3	-53.4
-5	5	-3	-53.4
-5	6	-3	-53.4
-4	-7	-3	-53.4
-4	-6	-3	-53.4
-4	-5	-3	-53.4
-4	-4	-3	-53.4
-4	-3	-3	-46.8
-4	-2	-3	-46.8
-4	-1	-3	-46.8
-4	0	-3	-46.8
-4	1	-3	-46.8
-4	2	-3	-46.8
-4	3	-3	-46.8
-4	4	-3	-53.4
-4	5	-3	-53.4
-4	6	-3	-53.4
-4	7	-3	-53.4
-3	-7	-3	-53.4
-3	-6	-3	-53.4
-3	-5	-3	-53.4
-3	-4	-3	-46.8
-3	-3	-3	-46.8
-3	-2	-3	-46.8
-3	-1	-3	-46.8
-3	0	-3	-46.8
-3	1	-3	-46.8
-3	2	-3	-46.8
-3	3	-3	-46.8
-3	4	-3	-46.8
-3	5	-3	-53.4
-3	6	-3	-53.4
-3	7	-3	-53.4
-2	-8	-3	-53.4
-2	-7	-3	-53.4
-2	-6	-3	-53.4
-2	-5	-3	-46.8
-2	-4	-3	-46.8
-2	-3	-3	-46.8
-2	-2	-3	-46.8
-2	-1	-3	-46.8
-2	0	-3	-46.8
-2	1	-3	-46.8
-2	2	-3	-46.8
-2	3	-3	-46.8
-2	4	-3	-46.8
-2	5	-3	-46.8
-2	6	-3	-53.4
-2	7	-3	-53.4
-2	8	-3	-53.4
-1	-8	-3	-53.4
-1	-7	-3	-53.4
-1	-6	-3	-53.4
-1	-5	-3	-46.8
-1	-4	-3	-46.8
-1	-3	-3	-46.8
-1	-2	-3	-46.8
-1	-1	-3	-46.8
-1	0	-3	-46.8
-1	1	-3	-46.8
-1	2	-3	-46.8
-1	3	-3	-46.8
-1	4	-3	-46.8
-1	5	-3	-46.8
-1	6	-3	-53.4
-1	7	-3	-53.4
-1	8	-3	-53.4
0	-8	-3	-53.4
0	-7	-3	-53.4
0	-6	-3	-53.4
0	-5	-3	-46.8
0	-4	-3	-46.8
0	-3	-3	-46.8
0	-2	-3	-46.8
0	-1	-3	-46.8
0	0	-3	-46.8
0	1	-3	-46.8
0	2	-3	-46.8
0	3	-3	-46.8
0	4	-3	-46.8
0	5	-3	-46.8
0	6	-3	-53.4
0	7	-3	-53.4
0	8	-3	-53.4
1	-8	-3	-53.4
1	-7	-3	-53.4
1	-6	-3	-53.4
1	-5	-3	-46.8
1	-4	-3	-46.8
1	-3	-3	-46.8
1	-2	-3	-46.8
1	-1	-3	-46.8
1	0	-3	-46.8
1	1	-3	-46.8
1	2	-3	-46.8
1	3	-3	-46.8
1	4	-3	-46.8
1	5	-3	-46.8
1	6	-3	-53.4
1	7	-3	-53.4
1	8	-3	-53.4
2	-8	-3	-53.4
2	-7	-3	-53.4
2	-6	-3	-53.4
2	-5	-3	-46.8
2	-4	-3	-46.8
2	-3	-3	-46.8
2	-2	-3	-46.8
2	-1	-3	-46.8
2	0	-3	-46.8
2	1	-3	-46.8
2	2	-3	-46.8
2	3	-3	-46.8
2	4	-3	-46.8
2	5	-3	-46.8
2	6	-3	-53.4
2	7	-3	-53.4
2	8	-3	-53.4
3	-7	-3	-53.4
3	-6	-3	-53.4
3	-5	-3	-53.4
3	-4	-3	-46.8
3	-3	-3	-46.8
3	-2	-3	-46.8
3	-1	-3	-46.8
3	0	-3	-46.8
3	1	-3	-46.8
3	2	-3	-46.8
3	3	-3	-46.8
3	4	-3	-46.8
3	5	-3	-53.4
3	6	-3	-53.4
3	7	-3	-53.4
4	-7	-3	-53.4
4	-6	-3	-53.4
4	-5	-3	-53.4
4	-4	-3	-53.4
4	-3	-3	-46.8
4	-2	-3	-46.8
4	-1	-3	-46.8
4	0	-3	-46.8
4	1	-3	-46.8
4	2	-3	-46.8
4	3	-3	-46.8
4	4	-3	-53.4
4	5	-3	-53.4
4	6	-3	-53.4
4	7	-3	-53.4
5	-6	-3	-53.4
5	-5	-3	-53.4
5	-4	-3	-53.4
5	-3	-3	-53.4
5	-2	-3	-46.8
5	-1	-3	-46.8
5	0	-3	-46.8
5	1	-3	-46.8
5	2	-3	-46.8
5	3	-3	-53.4
5	4	-3	-53.4
5	5	-3	-53.4
5	6	-3	-53.4
6	-5	-3	-53.4
6	-4	-3	-53.4
6	-3	-3	-53.4
6	-2	-3	-53.4
6	-1	-3	-53.4
6	0	-3	-53.4
6	1	-3	-53.4
6	2	-3	-53.4
6	3	-3	-53.4
6	4	-3	-53.4
6	5	-3	-53.4
7	-4	-3	-53.4
7	-3	-3	-53.4
7	-2	-3	-53.4
7	-1	-3	-53.4
7	0	-3	-53.4
7	1	-3	-53.4
7	2	-3	-53.4
7	3	-3	-53.4
7	4	-3	-53.4
8	-2	-3	-53.4
8	-1	-3	-53.4
8	0	-3	-53.4
8	1	-3	-53.4
8	2	-3	-53.4
-8	-3	-2	-53.4
-8	-2	-2	-53.4
-8	-1	-2	-53.4
-8	0	-2	-53.4
-8	1	-2	-53.4
-8	2	-2	-53.4
-8	3	-2	-53.4
-7	-5	-2	-53.4
-7	-4	-2	-53.4
-7	-3	-2	-53.4
-7	-2	-2	-53.4
-7	-1	-2	-53.4
-7	0	-2	-53.4
-7	1	-2	-53.4
-7	2	-2	-53.4
-7	3	-2	-53.4
-7	4	-2	-53.4
-7	5	-2	-53.4
-6	-6	-2	-53.4
-6	-5	-2	-53.4
-6	-4	-2	-53.4
-6	-3	-2	-53.4
-6	-2	-2	-53.4
-6	-1	-2	-46.8
-6	0	-2	-46.8
-6	1	-2	-46.8
-6	2	-2	-53.4
-6	3	-2	-53.4
-6	4	-2	-53.4
-6	5	-2	-53.4
-6	6	-2	-53.4
-5	-7	-2	-53.4
-5	-6	-2	-53.4
-5	-5	-2	-53.4
-5	-4	-2	-53.4
-5	-3	-2	-46.8
-5	-2	-2	-46.8
-5	-1	-2	-46.8
-5	0	-2	-46.8
-5	1	-2	-46.8
-5	2	-2	-46.8
-5	3	-2	-46.8
-5	4	-2	-53.4
-5	5	-2	-53.4
-5	6	-2	-53.4
-5	7	-2	-53.4
-4	-7	-2	-53.4
-4	-6	-2	-53.4
-4	-5	-2	-53.4
-4	-4	-2	-46.8
-4	-3	-2	-46.8
-4	-2	-2	-46.8
-4	-1	-2	-46.8
-4	0	-2	-46.8
-4	1	-2	-46.8
-4	2	-2	-46.8
-4	3	-2	-46.8
-4	4	-2	-46.8
-4	5	-2	-53.4
-4	6	-2	-53.4
-4	7	-2	-53.4
-3	-8	-2	-53.4
-3	-7	-2	-53.4
-3	-6	-2	-53.4
-3	-5	-2	-46.8
-3	-4	-2	-46.8
-3	-3	-2	-46.8
-3	-2	-2	-40.2
-3	-1	-2	-40.2
-3	0	-2	-40.2
-3	1	-2	-40.2
-3	2	-2	-40.2
-3	3	-2	-46.8
-3	4	-2	-46.8
-3	5	-2	-46.8
-3	6	-2	-53.4
-3	7	-2	-53.4
-3	8	-2	-53.4
-2	-8	-2	-53.4
-2	-7	-2	-53.4
-2	-6	-2	-53.4
-2	-5	-2	-46.8
-2	-4	-2	-46.8
-2	-3	-2	-40.2
-2	-2	-2	-40.2
-2	-1	-2	-40.2
-2	0	-2	-40.2
-2	1	-2	-40.2
-2	2	-2	-40.2
-2	3	-2	-40.2
-2	4	-2	-46.8
-2	5	-2	-46.8
-2	6	-2	-53.4
-2	7	-2	-53.4
-2	8	-2	-53.4
-1	-8	-2	-53.4
-1	-7	-2	-53.4
-1	-6	-2	-46.8
-1	-5	-2	-46.8
-1	-4	-2	-46.8
-1	-3	-2	-40.2
-1	-2	-2	-40.2
-1	-1	-2	-40.2
-1	0	-2	-40.2
-1	1	-2	-40.2
-1	2	-2	-40.2
-1	3	-2	-40.2
-1	4	-2	-46.8
-1	5	-2	-46.8
-1	6	-2	-46.8
-1	7	-2	-53.4
-1	8	-2	-53.4
0	-8	-2	-53.4
0	-7	-2	-53.4
0	-6	-2	-46.8
0	-5	-2	-46.8
0	-4	-2	-46.8
0	-3	-2	-40.2
0	-2	-2	-40.2
0	-1	-2	-40.2
0	0	-2	-40.2
0	1	-2	-40.2
0	2	-2	-40.2
0	3	-2	-40.2
0	4	-2	-46.8
0	5	-2	-46.8
0	6	-2	-46.8
0	7	-2	-53.4
0	8	-2	-53.4
1	-8	-2	-53.4
1	-7	-2	-53.4
1	-6	-2	-46.8
1	-5	-2	-46.8
1	-4	-2	-46.8
1	-3	-2	-40.2
1	-2	-2	-40.2
1	-1	-2	-40.2
1	0	-2	-40.2
1	1	-2	-40.2
1	2	-2	-40.2
1	3	-2	-40.2
1	4	-2	-46.8
1	5	-2	-46.8
1	6	-2	-46.8
1	7	-2	-53.4
1	8	-2	-53.4
2	-8	-2	-53.4
2	-7	-2	-53.4
2	-6	-2	-53.4
2	-5	-2	-46.8
2	-4	-2	-46.8
2	-3	-2	-40.2
2	-2	-2	-40.2
2	-1	-2	-40.2
2	0	-2	-40.2
2	1	-2	-40.2
2	2	-2	-40.2
2	3	-2	-40.2
2	4	-2	-46.8
2	5	-2	-46.8
2	6	-2	-53.4
2	7	-2	-53.4
2	8	-2	-53.4
3	-8	-2	-53.4
3	-7	-2	-53.4
3	-6	-2	-53.4
3	-5	-2	-46.8
3	-4	-2	-46.8
3	-3	-2	-46.8
3	-2	-2	-40.2
3	-1	-2	-40.2
3	0	-2	-40.2
3	1	-2	-40.2
3	2	-2	-40.2
3	3	-2	-46.8
3	4	-2	-46.8
3	5	-2	-46.8
3	6	-2	-53.4
3	7	-2	-53.4
3	8	-2	-53.4
4	-7	-2	-53.4
4	-6	-2	-53.4
4	-5	-2	-53.4
4	-4	-2	-46.8
4	-3	-2	-46.8
4	-2	-2	-46.8
4	-1	-2	-46.8
4	0	-2	-46.8
4	1	-2	-46.8
4	2	-2	-46.8
4	3	-2	-46.8
4	4	-2	-46.8
4	5	-2	-53.4
4	6	-2	-53.4
4	7	-2	-53.4
5	-7	-2	-53.4
5	-6	-2	-53.4
5	-5	-2	-53.4
5	-4	-2	-53.4
5	-3	-2	-46.8
5	-2	-2	-46.8
5	-1	-2	-46.8
5	0	-2	-46.8
5	1	-2	-46.8
5	2	-2	-46.8
5	3	-2	-46.8
5	4	-2	-53.4
5	5	-2	-53.4
5	6	-2	-53.4
5	7	-2	-53.4
6	-6	-2	-53.4
6	-5	-2	-53.4
6	-4	-2	-53.4
6	-3	-2	-53.4
6	-2	-2	-53.4
6	-1	-2	-46.8
6	0	-2	-46.8
6	1	-2	-46.8
6	2	-2	-53.4
6	3	-2	-53.4
6	4	-2	-53.4
6	5	-2	-53.4
6	6	-2	-53.4
7	-5	-2	-53.4
7	-4	-2	-53.4
7	-3	-2	-53.4
7	-2	-2	-53.4
7	-1	-2	-53.4
7	0	-2	-53.4
7	1	-2	-53.4
7	2	-2	-53.4
7	3	-2	-53.4
7	4	-2	-53.4
7	5	-2	-53.4
8	-3	-2	-53.4
8	-2	-2	-53.4
8	-1	-2	-53.4
8	0	-2	-53.4
8	1	-2	-53.4
8	2	-2	-53.4
8	3	-2	-53.4
-8	-3	-1	-53.4
-8	-2	-1	-53.4
-8	-1	-1	-53.4
-8	0	-1	-53.4
-8	1	-1	-53.4
-8	2	-1	-53.4
-8	3	-1	-53.4
-7	-5	-1	-53.4
-7	-4	-1	-53.4
-7	-3	-1	-53.4
-7	-2	-1	-53.4
-7	-1	-1	-53.4
-7	0	-1	-53.4
-7	1	-1	-53.4
-7	2	-1	-53.4
-7	3	-1	-53.4
-7	4	-1	-53.4
-7	5	-1	-53.4
-6	-6	-1	-53.4
-6	-5	-1	-53.4
-6	-4	-1	-53.4
-6	-3	-1	-46.8
-6	-2	-1	-46.8
-6	-1	-1	-46.8
-6	0	-1	-46.8
-6	1	-1	-46.8
-6	2	-1	-46.8
-6	3	-1	-46.8
-6	4	-1	-53.4
-6	5	-1	-53.4
-6	6	-1	-53.4
-5	-7	-1	-53.4
-5	-6	-1	-53.4
-5	-5	-1	-53.4
-5	-4	-1	-46.8
-5	-3	-1	-46.8
-5	-2	-1	-46.8
-5	-1	-1	-46.8
-5	0	-1	-46.8
-5	1	-1	-46.8
-5	2	-1	-46.8
-5	3	-1	-46.8
-5	4	-1	-46.8
-5	5	-1	-53.4
-5	6	-1	-53.4
-5	7	-1	-53.4
-4	-7	-1	-53.4
-4	-6	-1	-53.4
-4	-5	-1	-46.8
-4	-4	-1	-46.8
-4	-3	-1	-46.8
-4	-2	-1	-40.2
-4	-1	-1	-40.2
-4	0	-1	-40.2
-4	1	-1	-40.2
-4	2	-1	-40.2
-4	3	-1	-46.8
-4	4	-1	-46.8
-4	5	-1	-46.8
-4	6	-1	-53.4
-4	7	-1	-53.4
-3	-8	-1	-53.4
-3	-7	-1	-53.4
-3	-6	-1	-46.8
-3	-5	-1	-46.8
-3	-4	-1	-46.8
-3	-3	-1	-40.2
-3	-2	-1	-40.2
-3	-1	-1	-40.2
-3	0	-1	-40.2
-3	1	-1	-40.2
-3	2	-1	-40.2
-3	3	-1	-40.2
-3	4	-1	-46.8
-3	5	-1	-46.8
-3	6	-1	-46.8
-3	7	-1	-53.4
-3	8	-1	-53.4
-2	-8	-1	-53.4
-2	-7	-1	-53.4
-2	-6	-1	-46.8
-2	-5	-1	-46.8
-2	-4	-1	-40.2
-2	-3	-1	-40.2
-2	-2	-1	-40.2
-2	-1	-1	-40.2
-2	0	-1	-33.6
-2	1	-1	-40.2
-2	2	-1	-40.2
-2	3	-1	-40.2
-2	4	-1	-40.2
-2	5	-1	-46.8
-2	6	-1	-46.8
-2	7	-1	-53.4
-2	8	-1	-53.4
-1	-8	-1	-53.4
-1	-7	-1	-53.4
-1	-6	-1	-46.8
-1	-5	-1	-46.8
-1	-4	-1	-40.2
-1	-3	-1	-40.2
-1	-2	-1	-40.2
-1	-1	-1	-33.6
-1	0	-1	-33.6
-1	1	-1	-33.6
-1	2	-1	-40.2
-1	3	-1	-40.2
-1	4	-1	-40.2
-1	5	-1	-46.8
-1	6	-1	-46.8
-1	7	-1	-53.4
-1	8	-1	-53.4
0	-8	-1	-53.4
0	-7	-1	-53.4
0	-6	-1	-46.8
0	-5	-1	-46.8
0	-4	-1	-40.2
0	-3	-1	-40.2
0	-2	-1	-33.6
0	-1	-1	-33.6
0	0	-1	-40.2
0	1	-1	-33.6
0	2	-1	-33.6
0	3	-1	-40.2
0	4	-1	-40.2
0	5	-1	-46.8
0	6	-1	-46.8
0	7	-1	-53.4
0	8	-1	-53.4
1	-8	-1	-53.4
1	-7	-1	-53.4
1	-6	-1	-46.8
1	-5	-1	-46.8
1	-4	-1	-40.2
1	-3	-1	-40.2
1	-2	-1	-40.2
1	-1	-1	-33.6
1	0	-1	-33.6
1	1	-1	-33.6
1	2	-1	-40.2
1	3	-1	-40.2
1	4	-1	-40.2
1	5	-1	-46.8
1	6	-1	-46.8
1	7	-1	-53.4
1	8	-1	-53.4
2	-8	-1	-53.4
2	-7	-1	-53.4
2	-6	-1	-46.8
2	-5	-1	-46.8
2	-4	-1	-40.2
2	-3	-1	-40.2
2	-2	-1	-40.2
2	-1	-1	-40.2
2	0	-1	-33.6
2	1	-1	-40.2
2	2	-1	-40.2
2	3	-1	-40.2
2	4	-1	-40.2
2	5	-1	-46.8
2	6	-1	-46.8
2	7	-1	-53.4
2	8	-1	-53.4
3	-8	-1	-53.4
3	-7	-1	-53.4
3	-6	-1	-46.8
3	-5	-1	-46.8
3	-4	-1	-46.8
3	-3	-1	-40.2
3	-2	-1	-40.2
3	-1	-1	-40.2
3	0	-1	-40.2
3	1	-1	-40.2
3	2	-1	-40.2
3	3	-1	-40.2
3	4	-1	-46.8
3	5	-1	-46.8
3	6	-1	-46.8
3	7	-1	-53.4
3	8	-1	-53.4
4	-7	-1	-53.4
4	-6	-1	-53.4
4	-5	-1	-46.8
4	-4	-1	-46.8
4	-3	-1	-46.8
4	-2	-1	-40.2
4	-1	-1	-40.2
4	0	-1	-40.2
4	1	-1	-40.2
4	2	-1	-40.2
4	3	-1	-46.8
4	4	-1	-46.8
4	5	-1	-46.8
4	6	-1	-53.4
4	7	-1	-53.4
5	-7	-1	-53.4
5	-6	-1	-53.4
5	-5	-1	-53.4
5	-4	-1	-46.8
5	-3	-1	-46.8
5	-2	-1	-46.8
5	-1	-1	-46.8
5	0	-1	-46.8
5	1	-1	-46.8
5	2	-1	-46.8
5	3	-1	-46.8
5	4	-1	-46.8
5	5	-1	-53.4
5	6	-1	-53.4
5	7	-1	-53.4
6	-6	-1	-53.4
6	-5	-1	-53.4
6	-4	-1	-53.4
6	-3	-1	-46.8
6	-2	-1	-46.8
6	-1	-1	-46.8
6	0	-1	-46.8
6	1	-1	-46.8
6	2	-1	-46.8
6	3	-1	-46.8
6	4	-1	-53.4
6	5	-1	-53.4
6	6	-1	-53.4
7	-5	-1	-53.4
7	-4	-1	-53.4
7	-3	-1	-53.4
7	-2	-1	-53.4
7	-1	-1	-53.4
7	0	-1	-53.4
7	1	-1	-53.4
7	2	-1	-53.4
7	3	-1	-53.4
7	4	-1	-53.4
7	5	-1	-53.4
8	-3	-1	-53.4
8	-2	-1	-53.4
8	-1	-1	-53.4
8	0	-1	-53.4
8	1	-1	-53.4
8	2	-1	-53.4
8	3	-1	-53.4
-9	-1	0	-53.4
-9	0	0	-53.4
-9	1	0	-53.4
-8	-4	0	-53.4
-8	-3	0	-53.4
-8	-2	0	-53.4
-8	-1	0	-53.4
-8	0	0	-53.4
-8	1	0	-53.4
-8	2	0	-53.4
-8	3	0	-53.4
-8	4	0	-53.4
-7	-5	0	-53.4
-7	-4	0	-53.4
-7	-3	0	-53.4
-7	-2	0	-46.8
-7	-1	0	-46.8
-7	0	0	-46.8
-7	1	0	-46.8
-7	2	0	-46.8
-7	3	0	-53.4
-7	4	0	-53.4
-7	5	0	-53.4
-6	-6	0	-53.4
-6	-5	0	-53.4
-6	-4	0	-46.8
-6	-3	0	-46.8
-6	-2	0	-46.8
-6	-1	0	-46.8
-6	0	0	-46.8
-6	1	0	-46.8
-6	2	0	-46.8
-6	3	0	-46.8
-6	4	0	-46.8
-6	5	0	-53.4
-6	6	0	-53.4
-5	-7	0	-53.4
-5	-6	0	-53.4
-5	-5	0	-46.8
-5	-4	0	-46.8
-5	-3	0	-46.8
-5	-2	0	-40.2
-5	-1	0	-40.2
-5	0	0	-40.2
-5	1	0	-40.2
-5	2	0	-40.2
-5	3	0	-46.8
-5	4	0	-46.8
-5	5	0	-46.8
-5	6	0	-53.4
-5	7	0	-53.4
-4	-8	0	-53.4
-4	-7	0	-53.4
-4	-6	0	-46.8
-4	-5	0	-46.8
-4	-4	0	-40.2
-4	-3	0	-40.2
-4	-2	0	-40.2
-4	-1	0	-40.2
-4	0	0	-40.2
-4	1	0	-40.2
-4	2	0	-40.2
-4	3	0	-40.2
-4	4	0	-40.2
-4	5	0	-46.8
-4	6	0	-46.8
-4	7	0	-53.4
-4	8	0	-53.4
-3	-8	0	-53.4
-3	-7	0	-53.4
-3	-6	0	-46.8
-3	-5	0	-46.8
-3	-4	0	-40.2
-3	-3	0	-40.2
-3	-2	0	-33.6
-3	-1	0	-33.6
-3	0	0	-33.6
-3	1	0	-33.6
-3	2	0	-33.6
-3	3	0	-40.2
-3	4	0	-40.2
-3	5	0	-46.8
-3	6	0	-46.8
-3	7	0	-53.4
-3	8	0	-53.4
-2	-8	0	-53.4
-2	-7	0	-46.8
-2	-6	0	-46.8
-2	-5	0	-40.2
-2	-4	0	-40.2
-2	-3	0	-33.6
-2	-2	0	-33.6
-2	-1	0	-33.6
-2	0	0	-33.6
-2	1	0	-33.6
-2	2	0	-33.6
-2	3	0	-33.6
-2	4	0	-40.2
-2	5	0	-40.2
-2	6	0	-46.8
-2	7	0	-46.8
-2	8	0	-53.4
-1	-9	0	-53.4
-1	-8	0	-53.4
-1	-7	0	-46.8
-1	-6	0	-46.8
-1	-5	0	-40.2
-1	-4	0	-40.2
-1	-3	0	-33.6
-1	-2	0	-33.6
-1	-1	0	-33.6
-1	0	0	-33.6
-1	1	0	-33.6
-1	2	0	-33.6
-1	3	0	-33.6
-1	4	0	-40.2
-1	5	0	-40.2
-1	6	0	-46.8
-1	7	0	-46.8
-1	8	0	-53.4
-1	9	0	-53.4
0	-9	0	-53.4
0	-8	0	-53.4
0	-7	0	-46.8
0	-6	0	-46.8
0	-5	0	-40.2
0	-4	0	-40.2
0	-3	0	-33.6
0	-2	0	-33.6
0	-1	0	-33.6
0	0	0	-33.6
0	1	0	-33.6
0	2	0	-33.6
0	3	0	-33.6
0	4	0	-40.2
0	5	0	-40.2
0	6	0	-46.8
0	7	0	-46.8
0	8	0	-53.4
0	9	0	-53.4
1	-9	0	-53.4
1	-8	0	-53.4
1	-7	0	-46.8
1	-6	0	-46.8
1	-5	0	-40.2
1	-4	0	-40.2
1	-3	0	-33.6
1	-2	0	-33.6
1	-1	0	-33.6
1	0	0	-33.6
1	1	0	-33.6
1	2	0	-33.6
1	3	0	-33.6
1	4	0	-40.2
1	5	0	-40.2
1	6	0	-46.8
1	7	0	-46.8
1	8	0	-53.4
1	9	0	-53.4
2	-8	0	-53.4
2	-7	0	-46.8
2	-6	0	-46.8
2	-5	0	-40.2
2	-4	0	-40.2
2	-3	0	-33.6
2	-2	0	-33.6
2	-1	0	-33.6
2	0	0	-33.6
2	1	0	-33.6
2	2	0	-33.6
2	3	0	-33.6
2	4	0	-40.2
2	5	0	-40.2
2	6	0	-46.8
2	7	0	-46.8
2	8	0	-53.4
3	-8	0	-53.4
3	-7	0	-53.4
3	-6	0	-46.8
3	-5	0	-46.8
3	-4	0	-40.2
3	-3	0	-40.2
3	-2	0	-33.6
3	-1	0	-33.6
3	0	0	-33.6
3	1	0	-33.6
3	2	0	-33.6
3	3	0	-40.2
3	4	0	-40.2
3	5	0	-46.8
3	6	0	-46.8
3	7	0	-53.4
3	8	0	-53.4
4	-8	0	-53.4
4	-7	0	-53.4
4	-6	0	-46.8
4	-5	0	-46.8
4	-4	0	-40.2
4	-3	0	-40.2
4	-2	0	-40.2
4	-1	0	-40.2
4	0	0	-40.2
4	1	0	-40.2
4	2	0	-40.2
4	3	0	-40.2
4	4	0	-40.2
4	5	0	-46.8
4	6	0	-46.8
4	7	0	-53.4
4	8	0	-53.4
5	-7	0	-53.4
5	-6	0	-53.4
5	-5	0	-46.8
5	-4	0	-46.8
5	-3	0	-46.8
5	-2	0	-40.2
5	-1	0	-40.2
5	0	0	-40.2
5	1	0	-40.2
5	2	0	-40.2
5	3	0	-46.8
5	4	0	-46.8
5	5	0	-46.8
5	6	0	-53.4
5	7	0	-53.4
6	-6	0	-53.4
6	-5	0	-53.4
6	-4	0	-46.8
6	-3	0	-46.8
6	-2	0	-46.8
6	-1	0	-46.8
6	0	0	-46.8
6	1	0	-46.8
6	2	0	-46.8
6	3	0	-46.8
6	4	0	-46.8
6	5	0	-53.4
6	6	0	-53.4
7	-5	0	-53.4
7	-4	0	-53.4
7	-3	0	-53.4
7	-2	0	-46.8
7	-1	0	-46.8
7	0	0	-46.8
7	1	0	-46.8
7	2	0	-46.8
7	3	0	-53.4
7	4	0	-53.4
7	5	0	-53.4
8	-4	0	-53.4
8	-3	0	-53.4
8	-2	0	-53.4
8	-1	0	-53.4
8	0	0	-53.4
8	1	0	-53.4
8	2	0	-53.4
8	3	0	-53.4
8	4	0	-53.4
9	-1	0	-53.4
9	0	0	-53.4
9	1	0	-53.4
-9	-2	1	-53.4
-9	-1	1	-53.4
-9	0	1	-53.4
-9	1	1	-53.4
-9	2	1	-53.4
-8	-4	1	-53.4
-8	-3	1	-53.4
-8	-2	1	-53.4
-8	-1	1	-53.4
-8	0	1	-53.4
-8	1	1	-53.4
-8	2	1	-53.4
-8	3	1	-53.4
-8	4	1	-53.4
-7	-6	1	-53.4
-7	-5	1	-53.4
-7	-4	1	-53.4
-7	-3	1	-53.4
-7	-2	1	-46.8
-7	-1	1	-46.8
-7	0	1	-46.8
-7	1	1	-46.8
-7	2	1	-46.8
-7	3	1	-53.4
-7	4	1	-53.4
-7	5	1	-53.4
-7	6	1	-53.4
-6	-7	1	-53.4
-6	-6	1	-53.4
-6	-5	1	-53.4
-6	-4	1	-46.8
-6	-3	1	-46.8
-6	-2	1	-46.8
-6	-1	1	-40.2
-6	0	1	-40.2
-6	1	1	-40.2
-6	2	1	-46.8
-6	3	1	-46.8
-6	4	1	-46.8
-6	5	1	-53.4
-6	6	1	-53.4
-6	7	1	-53.4
-5	-7	1	-53.4
-5	-6	1	-53.4
-5	-5	1	-46.8
-5	-4	1	-46.8
-5	-3	1	-40.2
-5	-2	1	-40.2
-5	-1	1	-40.2
-5	0	1	-40.2
-5	1	1	-40.2
-5	2	1	-40.2
-5	3	1	-40.2
-5	4	1	-46.8
-5	5	1	-46.8
-5	6	1	-53.4
-5	7	1	-53.4
-4	-8	1	-53.4
-4	-7	1	-53.4
-4	-6	1	-46.8
-4	-5	1	-46.8
-4	-4	1	-40.2
-4	-3	1	-40.2
-4	-2	1	-33.6
-4	-1	1	-33.6
-4	0	1	-33.6
-4	1	1	-33.6
-4	2	1	-33.6
-4	3	1	-40.2
-4	4	1	-40.2
-4	5	1	-46.8
-4	6	1	-46.8
-4	7	1	-53.4
-4	8	1	-53.4
-3	-8	1	-53.4
-3	-7	1	-53.4
-3	-6	1	-46.8
-3	-5	1	-40.2
-3	-4	1	-40.2
-3	-3	1	-33.6
-3	-2	1	-33.6
-3	-1	1	-33.6
-3	0	1	-27.0
-3	1	1	-33.6
-3	2	1	-33.6
-3	3	1	-33.6
-3	4	1	-40.2
-3	5	1	-40.2
-3	6	1	-46.8
-3	7	1	-53.4
-3	8	1	-53.4
-2	-9	1	-53.4
-2	-8	1	-53.4
-2	-7	1	-46.8
-2	-6	1	-46.8
-2	-5	1	-40.2
-2	-4	1	-33.6
-2	-3	1	-33.6
-2	-2	1	-27.0
-2	-1	1	-27.0
-2	0	1	-27.0
-2	1	1	-27.0
-2	2	1	-27.0
-2	3	1	-33.6
-2	4	1	-33.6
-2	5	1	-40.2
-2	6	1	-46.8
-2	7	1	-46.8
-2	8	1	-53.4
-2	9	1	-53.4
-1	-9	1	-53.4
-1	-8	1	-53.4
-1	-7	1	-46.8
-1	-6	1	-40.2
-1	-5	1	-40.2
-1	-4	1	-33.6
-1	-3	1	-33.6
-1	-2	1	-27.0
-1	-1	1	-27.0
-1	0	1	-27.0
-1	1	1	-27.0
-1	2	1	-27.0
-1	3	1	-33.6
-1	4	1	-33.6
-1	5	1	-40.2
-1	6	1	-40.2
-1	7	1	-46.8
-1	8	1	-53.4
-1	9	1	-53.4
0	-9	1	-53.4
0	-8	1	-53.4
0	-7	1	-46.8
0	-6	1	-40.2
0	-5	1	-40.2
0	-4	1	-33.6
0	-3	1	-27.0
0	-2	1	-27.0
0	-1	1	-27.0
0	0	1	-33.6
0	1	1	-27.0
0	2	1	-27.0
0	3	1	-27.0
0	4	1	-33.6
0	5	1	-40.2
0	6	1	-40.2
0	7	1	-46.8
0	8	1	-53.4
0	9	1	-53.4
1	-9	1	-53.4
1	-8	1	-53.4
1	-7	1	-46.8
1	-6	1	-40.2
1	-5	1	-40.2
1	-4	1	-33.6
1	-3	1	-33.6
1	-2	1	-27.0
1	-1	1	-27.0
1	0	1	-27.0
1	1	1	-27.0
1	2	1	-27.0
1	3	1	-33.6
1	4	1	-33.6
1	5	1	-40.2
1	6	1	-40.2
1	7	1	-46.8
1	8	1	-53.4
1	9	1	-53.4
2	-9	1	-53.4
2	-8	1	-53.4
2	-7	1	-46.8
2	-6	1	-46.8
2	-5	1	-40.2
2	-4	1	-33.6
2	-3	1	-33.6
2	-2	1	-27.0
2	-1	1	-27.0
2	0	1	-27.0
2	1	1	-27.0
2	2	1	-27.0
2	3	1	-33.6
2	4	1	-33.6
2	5	1	-40.2
2	6	1	-46.8
2	7	1	-46.8
2	8	1	-53.4
2	9	1	-53.4
3	-8	1	-53.4
3	-7	1	-53.4
3	-6	1	-46.8
3	-5	1	-40.2
3	-4	1	-40.2
3	-3	1	-33.6
3	-2	1	-33.6
3	-1	1	-33.6
3	0	1	-27.0
3	1	1	-33.6
3	2	1	-33.6
3	3	1	-33.6
3	4	1	-40.2
3	5	1	-40.2
3	6	1	-46.8
3	7	1	-53.4
3	8	1	-53.4
4	-8	1	-53.4
4	-7	1	-53.4
4	-6	1	-46.8
4	-5	1	-46.8
4	-4	1	-40.2
4	-3	1	-40.2
4	-2	1	-33.6
4	-1	1	-33.6
4	0	1	-33.6
4	1	1	-33.6
4	2	1	-33.6
4	3	1	-40.2
4	4	1	-40.2
4	5	1	-46.8
4	6	1	-46.8
4	7	1	-53.4
4	8	1	-53.4
5	-7	1	-53.4
5	-6	1	-53.4
5	-5	1	-46.8
5	-4	1	-46.8
5	-3	1	-40.2
5	-2	1	-40.2
5	-1	1	-40.2
5	0	1	-40.2
5	1	1	-40.2
5	2	1	-40.2
5	3	1	-40.2
5	4	1	-46.8
5	5	1	-46.8
5	6	1	-53.4
5	7	1	-53.4
6	-7	1	-53.4
6	-6	1	-53.4
6	-5	1	-53.4
6	-4	1	-46.8
6	-3	1	-46.8
6	-2	1	-46.8
6	-1	1	-40.2
6	0	1	-40.2
6	1	1	-40.2
6	2	1	-46.8
6	3	1	-46.8
6	4	1	-46.8
6	5	1	-53.4
6	6	1	-53.4
6	7	1	-53.4
7	-6	1	-53.4
7	-5	1	-53.4
7	-4	1	-53.4
7	-3	1	-53.4
7	-2	1	-46.8
7	-1	1	-46.8
7	0	1	-46.8
7	1	1	-46.8
7	2	1	-46.8
7	3	1	-53.4
7	4	1	-53.4
7	5	1	-53.4
7	6	1	-53.4
8	-4	1	-53.4
8	-3	1	-53.4
8	-2	1	-53.4
8	-1	1	-53.4
8	0	1	-53.4
8	1	1	-53.4
8	2	1	-53.4
8	3	1	-53.4
8	4	1	-53.4
9	-2	1	-53.4
9	-1	1	-53.4
9	0	1	-53.4
9	1	1	-53.4
9	2	1	-53.4
-9	-2	2	-53.4
-9	-1	2	-53.4
-9	0	2	-53.4
-9	1	2	-53.4
-9	2	2	-53.4
-8	-4	2	-53.4
-8	-3	2	-53.4
-8	-2	2	-53.4
-8	-1	2	-53.4
-8	0	2	-53.4
-8	1	2	-53.4
-8	2	2	-53.4
-8	3	2	-53.4
-8	4	2	-53.4
-7	-6	2	-53.4
-7	-5	2	-53.4
-7	-4	2	-53.4
-7	-3	2	-46.8
-7	-2	2	-46.8
-7	-1	2	-46.8
-7	0	2	-46.8
-7	1	2	-46.8
-7	2	2	-46.8
-7	3	2	-46.8
-7	4	2	-53.4
-7	5	2	-53.4
-7	6	2	-53.4
-6	-7	2	-53.4
-6	-6	2	-53.4
-6	-5	2	-46.8
-6	-4	2	-46.8
-6	-3	2	-46.8
-6	-2	2	-40.2
-6	-1	2	-40.2
-6	0	2	-40.2
-6	1	2	-40.2
-6	2	2	-40.2
-6	3	2	-46.8
-6	4	2	-46.8
-6	5	2	-46.8
-6	6	2	-53.4
-6	7	2	-53.4
-5	-7	2	-53.4
-5	-6	2	-46.8
-5	-5	2	-46.8
-5	-4	2	-40.2
-5	-3	2	-40.2
-5	-2	2	-33.6
-5	-1	2	-33.6
-5	0	2	-33.6
-5	1	2	-33.6
-5	2	2	-33.6
-5	3	2	-40.2
-5	4	2	-40.2
-5	5	2	-46.8
-5	6	2	-46.8
-5	7	2	-53.4
-4	-8	2	-53.4
-4	-7	2	-53.4
-4	-6	2	-46.8
-4	-5	2	-40.2
-4	-4	2	-40.2
-4	-3	2	-33.6
-4	-2	2	-33.6
-4	-1	2	-33.6
-4	0	2	-27.0
-4	1	2	-33.6
-4	2	2	-33.6
-4	3	2	-33.6
-4	4	2	-40.2
-4	5	2	-40.2
-4	6	2	-46.8
-4	7	2	-53.4
-4	8	2	-53.4
-3	-8	2	-53.4
-3	-7	2	-46.8
-3	-6	2	-46.8
-3	-5	2	-40.2
-3	-4	2	-33.6
-3	-3	2	-33.6
-3	-2	2	-27.0
-3	-1	2	-27.0
-3	0	2	-27.0
-3	1	2	-27.0
-3	2	2	-27.0
-3	3	2	-33.6
-3	4	2	-33.6
-3	5	2	-40.2
-3	6	2	-46.8
-3	7	2	-46.8
-3	8	2	-53.4
-2	-9	2	-53.4
-2	-8	2	-53.4
-2	-7	2	-46.8
-2	-6	2	-40.2
-2	-5	2	-33.6
-2	-4	2	-33.6
-2	-3	2	-27.0
-2	-2	2	-27.0
-2	-1	2	-27.0
-2	0	2	-27.0
-2	1	2	-27.0
-2	2	2	-27.0
-2	3	2	-27.0
-2	4	2	-33.6
-2	5	2	-33.6
-2	6	2	-40.2
-2	7	2	-46.8
-2	8	2	-53.4
-2	9	2	-53.4
-1	-9	2	-53.4
-1	-8	2	-53.4
-1	-7	2	-46.8
-1	-6	2	-40.2
-1	-5	2	-33.6
-1	-4	2	-33.6
-1	-3	2	-27.0
-1	-2	2	-27.0
-1	-1	2	-27.0
-1	0	2	-27.0
-1	1	2	-27.0
-1	2	2	-27.0
-1	3	2	-27.0
-1	4	2	-33.6
-1	5	2	-33.6
-1	6	2	-40.2
-1	7	2	-46.8
-1	8	2	-53.4
-1	9	2	-53.4
0	-9	2	-53.4
0	-8	2	-53.4
0	-7	2	-46.8
0	-6	2	-40.2
0	-5	2	-33.6
0	-4	2	-27.0
0	-3	2	-27.0
0	-2	2	-27.0
0	-1	2	-27.0
0	0	2	-27.0
0	1	2	-27.0
0	2	2	-27.0
0	3	2	-27.0
0	4	2	-27.0
0	5	2	-33.6
0	6	2	-40.2
0	7	2	-46.8
0	8	2	-53.4
0	9	2	-53.4
1	-9	2	-53.4
1	-8	2	-53.4
1	-7	2	-46.8
1	-6	2	-40.2
1	-5	2	-33.6
1	-4	2	-33.6
1	-3	2	-27.0
1	-2	2	-27.0
1	-1	2	-27.0
1	0	2	-27.0
1	1	2	-27.0
1	2	2	-27.0
1	3	2	-27.0
1	4	2	-33.6
1	5	2	-33.6
1	6	2	-40.2
1	7	2	-46.8
1	8	2	-53.4
1	9	2	-53.4
2	-9	2	-53.4
2	-8	2	-53.4
2	-7	2	-46.8
2	-6	2	-40.2
2	-5	2	-33.6
2	-4	2	-33.6
2	-3	2	-27.0
2	-2	2	-27.0
2	-1	2	-27.0
2	0	2	-27.0
2	1	2	-27.0
2	2	2	-27.0
2	3	2	-27.0
2	4	2	-33.6
2	5	2	-33.6
2	6	2	-40.2
2	7	2	-46.8
2	8	2	-53.4
2	9	2	-53.4
3	-8	2	-53.4
3	-7	2	-46.8
3	-6	2	-46.8
3	-5	2	-40.2
3	-4	2	-33.6
3	-3	2	-33.6
3	-2	2	-27.0
3	-1	2	-27.0
3	0	2	-27.0
3	1	2	-27.0
3	2	2	-27.0
3	3	2	-33.6
3	4	2	-33.6
3	5	2	-40.2
3	6	2	-46.8
3	7	2	-46.8
3	8	2	-53.4
4	-8	2	-53.4
4	-7	2	-53.4
4	-6	2	-46.8
4	-5	2	-40.2
4	-4	2	-40.2
4	-3	2	-33.6
4	-2	2	-33.6
4	-1	2	-33.6
4	0	2	-27.0
4	1	2	-33.6
4	2	2	-33.6
4	3	2	-33.6
4	4	2	-40.2
4	5	2	-40.2
4	6	2	-46.8
4	7	2	-53.4
4	8	2	-53.4
5	-7	2	-53.4
5	-6	2	-46.8
5	-5	2	-46.8
5	-4	2	-40.2
5	-3	2	-40.2
5	-2	2	-33.6
5	-1	2	-33.6
5	0	2	-33.6
5	1	2	-33.6
5	2	2	-33.6
5	3	2	-40.2
5	4	2	-40.2
5	5	2	-46.8
5	6	2	-46.8
5	7	2	-53.4
6	-7	2	-53.4
6	-6	2	-53.4
6	-5	2	-46.8
6	-4	2	-46.8
6	-3	2	-46.8
6	-2	2	-40.2
6	-1	2	-40.2
6	0	2	-40.2
6	1	2	-40.2
6	2	2	-40.2
6	3	2	-46.8
6	4	2	-46.8
6	5	2	-46.8
6	6	2	-53.4
6	7	2	-53.4
7	-6	2	-53.4
7	-5	2	-53.4
7	-4	2	-53.4
7	-3	2	-46.8
7	-2	2	-46.8
7	-1	2	-46.8
7	0	2	-46.8
7	1	2	-46.8
7	2	2	-46.8
7	3	2	-46.8
7	4	2	-53.4
7	5	2	-53.4
7	6	2	-53.4
8	-4	2	-53.4
8	-3	2	-53.4
8	-2	2	-53.4
8	-1	2	-53.4
8	0	2	-53.4
8	1	2	-53.4
8	2	2	-53.4
8	3	2	-53.4
8	4	2	-53.4
9	-2	2	-53.4
9	-1	2	-53.4
9	0	2	-53.4
9	1	2	-53.4
9	2	2	-53.4
-9	-3	3	-53.4
-9	-2	3	-53.4
-9	-1	3	-53.4
-9	0	3	-53.4
-9	1	3	-53.4
-9	2	3	-53.4
-9	3	3	-53.4
-8	-5	3	-53.4
-8	-4	3	-53.4
-8	-3	3	-53.4
-8	-2	3	-53.4
-8	-1	3	-46.8
-8	0	3	-46.8
-8	1	3	-46.8
-8	2	3	-53.4
-8	3	3	-53.4
-8	4	3	-53.4
-8	5	3	-53.4
-7	-6	3	-53.4
-7	-5	3	-53.4
-7	-4	3	-46.8
-7	-3	3	-46.8
-7	-2	3	-46.8
-7	-1	3	-46.8
-7	0	3	-46.8
-7	1	3	-46.8
-7	2	3	-46.8
-7	3	3	-46.8
-7	4	3	-46.8
-7	5	3	-53.4
-7	6	3	-53.4
-6	-7	3	-53.4
-6	-6	3	-53.4
-6	-5	3	-46.8
-6	-4	3	-46.8
-6	-3	3	-40.2
-6	-2	3	-40.2
-6	-1	3	-40.2
-6	0	3	-40.2
-6	1	3	-40.2
-6	2	3	-40.2
-6	3	3	-40.2
-6	4	3	-46.8
-6	5	3	-46.8
-6	6	3	-53.4
-6	7	3	-53.4
-5	-8	3	-53.4
-5	-7	3	-53.4
-5	-6	3	-46.8
-5	-5	3	-46.8
-5	-4	3	-40.2
-5	-3	3	-33.6
-5	-2	3	-33.6
-5	-1	3	-33.6
-5	0	3	-33.6
-5	1	3	-33.6
-5	2	3	-33.6
-5	3	3	-33.6
-5	4	3	-40.2
-5	5	3	-46.8
-5	6	3	-46.8
-5	7	3	-53.4
-5	8	3	-53.4
-4	-8	3	-53.4
-4	-7	3	-46.8
-4	-6	3	-46.8
-4	-5	3	-40.2
-4	-4	3	-33.6
-4	-3	3	-33.6
-4	-2	3	-27.0
-4	-1	3	-27.0
-4	0	3	-27.0
-4	1	3	-27.0
-4	2	3	-27.0
-4	3	3	-33.6
-4	4	3	-33.6
-4	5	3	-40.2
-4	6	3	-46.8
-4	7	3	-46.8
-4	8	3	-53.4
-3	-9	3	-53.4
-3	-8	3	-53.4
-3	-7	3	-46.8
-3	-6	3	-40.2
-3	-5	3	-33.6
-3	-4	3	-33.6
-3	-3	3	-27.0
-3	-2	3	-27.0
-3	-1	3	-20.4
-3	0	3	-20.4
-3	1	3	-20.4
-3	2	3	-27.0
-3	3	3	-27.0
-3	4	3	-33.6
-3	5	3	-33.6
-3	6	3	-40.2
-3	7	3	-46.8
-3	8	3	-53.4
-3	9	3	-53.4
-2	-9	3	-53.4
-2	-8	3	-53.4
-2	-7	3	-46.8
-2	-6	3	-40.2
-2	-5	3	-33.6
-2	-4	3	-27.0
-2	-3	3	-27.0
-2	-2	3	-20.4
-2	-1	3	-20.4
-2	0	3	-20.4
-2	1	3	-20.4
-2	2	3	-20.4
-2	3	3	-27.0
-2	4	3	-27.0
-2	5	3	-33.6
-2	6	3	-40.2
-2	7	3	-46.8
-2	8	3	-53.4
-2	9	3	-53.4
-1	-9	3	-53.4
-1	-8	3	-46.8
-1	-7	3	-46.8
-1	-6	3	-40.2
-1	-5	3	-33.6
-1	-4	3	-27.0
-1	-3	3	-20.4
-1	-2	3	-20.4
-1	-1	3	-20.4
-1	0	3	-20.4
-1	1	3	-20.4
-1	2	3	-20.4
-1	3	3	-20.4
-1	4	3	-27.0
-1	5	3	-33.6
-1	6	3	-40.2
-1	7	3	-46.8
-1	8	3	-46.8
-1	9	3	-53.4
0	-9	3	-53.4
0	-8	3	-46.8
0	-7	3	-46.8
0	-6	3	-40.2
0	-5	3	-33.6
0	-4	3	-27.0
0	-3	3	-20.4
0	-2	3	-20.4
0	-1	3	-20.4
0	0	3	-20.4
0	1	3	-20.4
0	2	3	-20.4
0	3	3	-20.4
0	4	3	-27.0
0	5	3	-33.6
0	6	3	-40.2
0	7	3	-46.8
0	8	3	-46.8
0	9	3	-53.4
1	-9	3	-53.4
1	-8	3	-46.8
1	-7	3	-46.8
1	-6	3	-40.2
1	-5	3	-33.6
1	-4	3	-27.0
1	-3	3	-20.4
1	-2	3	-20.4
1	-1	3	-20.4
1	0	3	-20.4
1	1	3	-20.4
1	2	3	-20.4
1	3	3	-20.4
1	4	3	-27.0
1	5	3	-33.6
1	6	3	-40.2
1	7	3	-46.8
1	8	3	-46.8
1	9	3	-53.4
2	-9	3	-53.4
2	-8	3	-53.4
2	-7	3	-46.8
2	-6	3	-40.2
2	-5	3	-33.6
2	-4	3	-27.0
2	-3	3	-27.0
2	-2	3	-20.4
2	-1	3	-20.4
2	0	3	-20.4
2	1	3	-20.4
2	2	3	-20.4
2	3	3	-27.0
2	4	3	-27.0
2	5	3	-33.6
2	6	3	-40.2
2	7	3	-46.8
2	8	3	-53.4
2	9	3	-53.4
3	-9	3	-53.4
3	-8	3	-53.4
3	-7	3	-46.8
3	-6	3	-40.2
3	-5	3	-33.6
3	-4	3	-33.6
3	-3	3	-27.0
3	-2	3	-27.0
3	-1	3	-20.4
3	0	3	-20.4
3	1	3	-20.4
3	2	3	-27.0
3	3	3	-27.0
3	4	3	-33.6
3	5	3	-33.6
3	6	3	-40.2
3	7	3	-46.8
3	8	3	-53.4
3	9	3	-53.4
4	-8	3	-53.4
4	-7	3	-46.8
4	-6	3	-46.8
4	-5	3	-40.2
4	-4	3	-33.6
4	-3	3	-33.6
4	-2	3	-27.0
4	-1	3	-27.0
4	0	3	-27.0
4	1	3	-27.0
4	2	3	-27.0
4	3	3	-33.6
4	4	3	-33.6
4	5	3	-40.2
4	6	3	-46.8
4	7	3	-46.8
4	8	3	-53.4
5	-8	3	-53.4
5	-7	3	-53.4
5	-6	3	-46.8
5	-5	3	-46.8
5	-4	3	-40.2
5	-3	3	-33.6
5	-2	3	-33.6
5	-1	3	-33.6
5	0	3	-33.6
5	1	3	-33.6
5	2	3	-33.6
5	3	3	-33.6
5	4	3	-40.2
5	5	3	-46.8
5	6	3	-46.8
5	7	3	-53.4
5	8	3	-53.4
6	-7	3	-53.4
6	-6	3	-53.4
6	-5	3	-46.8
6	-4	3	-46.8
6	-3	3	-40.2
6	-2	3	-40.2
6	-1	3	-40.2
6	0	3	-40.2
6	1	3	-40.2
6	2	3	-40.2
6	3	3	-40.2
6	4	3	-46.8
6	5	3	-46.8
6	6	3	-53.4
6	7	3	-53.4
7	-6	3	-53.4
7	-5	3	-53.4
7	-4	3	-46.8
7	-3	3	-46.8
7	-2	3	-46.8
7	-1	3	-46.8
7	0	3	-46.8
7	1	3	-46.8
7	2	3	-46.8
7	3	3	-46.8
7	4	3	-46.8
7	5	3	-53.4
7	6	3	-53.4
8	-5	3	-53.4
8	-4	3	-53.4
8	-3	3	-53.4
8	-2	3	-53.4
8	-1	3	-46.8
8	0	3	-46.8
8	1	3	-46.8
8	2	3	-53.4
8	3	3	-53.4
8	4	3	-53.4
8	5	3	-53.4
9	-3	3	-53.4
9	-2	3	-53.4
9	-1	3	-53.4
9	0	3	-53.4
9	1	3	-53.4
9	2	3	-53.4
9	3	3	-53.4
-9	-3	4	-53.4
-9	-2	4	-53.4
-9	-1	4	-53.4
-9	0	4	-53.4
-9	1	4	-53.4
-9	2	4	-53.4
-9	3	4	-53.4
-8	-5	4	-53.4
-8	-4	4	-53.4
-8	-3	4	-53.4
-8	-2	4	-53.4
-8	-1	4	-46.8
-8	0	4	-46.8
-8	1	4	-46.8
-8	2	4	-53.4
-8	3	4	-53.4
-8	4	4	-53.4
-8	5	4	-53.4
-7	-6	4	-53.4
-7	-5	4	-53.4
-7	-4	4	-46.8
-7	-3	4	-46.8
-7	-2	4	-46.8
-7	-1	4	-40.2
-7	0	4	-40.2
-7	1	4	-40.2
-7	2	4	-46.8
-7	3	4	-46.8
-7	4	4	-46.8
-7	5	4	-53.4
-7	6	4	-53.4
-6	-7	4	-53.4
-6	-6	4	-53.4
-6	-5	4	-46.8
-6	-4	4	-46.8
-6	-3	4	-40.2
-6	-2	4	-40.2
-6	-1	4	-33.6
-6	0	4	-33.6
-6	1	4	-33.6
-6	2	4	-40.2
-6	3	4	-40.2
-6	4	4	-46.8
-6	5	4	-46.8
-6	6	4	-53.4
-6	7	4	-53.4
-5	-8	4	-53.4
-5	-7	4	-53.4
-5	-6	4	-46.8
-5	-5	4	-40.2
-5	-4	4	-40.2
-5	-3	4	-33.6
-5	-2	4	-33.6
-5	-1	4	-27.0
-5	0	4	-27.0
-5	1	4	-27.0
-5	2	4	-33.6
-5	3	4	-33.6
-5	4	4	-40.2
-5	5	4	-40.2
-5	6	4	-46.8
-5	7	4	-53.4
-5	8	4	-53.4
-4	-8	4	-53.4
-4	-7	4	-46.8
-4	-6	4	-46.8
-4	-5	4	-40.2
-4	-4	4	-33.6
-4	-3	4	-27.0
-4	-2	4	-27.0
-4	-1	4	-27.0
-4	0	4	-20.4
-4	1	4	-27.0
-4	2	4	-27.0
-4	3	4	-27.0
-4	4	4	-33.6
-4	5	4	-40.2
-4	6	4	-46.8
-4	7	4	-46.8
-4	8	4	-53.4
-3	-9	4	-53.4
-3	-8	4	-53.4
-3	-7	4	-46.8
-3	-6	4	-40.2
-3	-5	4	-33.6
-3	-4	4	-27.0
-3	-3	4	-27.0
-3	-2	4	-20.4
-3	-1	4	-20.4
-3	0	4	-20.4
-3	1	4	-20.4
-3	2	4	-20.4
-3	3	4	-27.0
-3	4	4	-27.0
-3	5	4	-33.6
-3	6	4	-40.2
-3	7	4	-46.8
-3	8	4	-53.4
-3	9	4	-53.4
-2	-9	4	-53.4
-2	-8	4	-53.4
-2	-7	4	-46.8
-2	-6	4	-40.2
-2	-5	4	-33.6
-2	-4	4	-27.0
-2	-3	4	-20.4
-2	-2	4	-20.4
-2	-1	4	-13.8
-2	0	4	-13.8
-2	1	4	-13.8
-2	2	4	-20.4
-2	3	4	-20.4
-2	4	4	-27.0
-2	5	4	-33.6
-2	6	4	-40.2
-2	7	4	-46.8
-2	8	4	-53.4
-2	9	4	-53.4
-1	-9	4	-53.4
-1	-8	4	-46.8
-1	-7	4	-40.2
-1	-6	4	-33.6
-1	-5	4	-27.0
-1	-4	4	-27.0
-1	-3	4	-20.4
-1	-2	4	-13.8
-1	-1	4	-13.8
-1	0	4	-13.8
-1	1	4	-13.8
-1	2	4	-13.8
-1	3	4	-20.4
-1	4	4	-27.0
-1	5	4	-27.0
-1	6	4	-33.6
-1	7	4	-40.2
-1	8	4	-46.8
-1	9	4	-53.4
0	-9	4	-53.4
0	-8	4	-46.8
0	-7	4	-40.2
0	-6	4	-33.6
0	-5	4	-27.0
0	-4	4	-20.4
0	-3	4	-20.4
0	-2	4	-13.8
0	-1	4	-13.8
0	0	4	-20.4
0	1	4	-13.8
0	2	4	-13.8
0	3	4	-20.4
0	4	4	-20.4
0	5	4	-27.0
0	6	4	-33.6
0	7	4	-40.2
0	8	4	-46.8
0	9	4	-53.4
1	-9	4	-53.4
1	-8	4	-46.8
1	-7	4	-40.2
1	-6	4	-33.6
1	-5	4	-27.0
1	-4	4	-27.0
1	-3	4	-20.4
1	-2	4	-13.8
1	-1	4	-13.8
1	0	4	-13.8
1	1	4	-13.8
1	2	4	-13.8
1	3	4	-20.4
1	4	4	-27.0
1	5	4	-27.0
1	6	4	-33.6
1	7	4	-40.2
1	8	4	-46.8
1	9	4	-53.4
2	-9	4	-53.4
2	-8	4	-53.4
2	-7	4	-46.8
2	-6	4	-40.2
2	-5	4	-33.6
2	-4	4	-27.0
2	-3	4	-20.4
2	-2	4	-20.4
2	-1	4	-13.8
2	0	4	-13.8
2	1	4	-13.8
2	2	4	-20.4
2	3	4	-20.4
2	4	4	-27.0
2	5	4	-33.6
2	6	4	-40.2
2	7	4	-46.8
2	8	4	-53.4
2	9	4	-53.4
3	-9	4	-53.4
3	-8	4	-53.4
3	-7	4	-46.8
3	-6	4	-40.2
3	-5	4	-33.6
3	-4	4	-27.0
3	-3	4	-27.0
3	-2	4	-20.4
3	-1	4	-20.4
3	0	4	-20.4
3	1	4	-20.4
3	2	4	-20.4
3	3	4	-27.0
3	4	4	-27.0
3	5	4	-33.6
3	6	4	-40.2
3	7	4	-46.8
3	8	4	-53.4
3	9	4	-53.4
4	-8	4	-53.4
4	-7	4	-46.8
4	-6	4	-46.8
4	-5	4	-40.2
4	-4	4	-33.6
4	-3	4	-27.0
4	-2	4	-27.0
4	-1	4	-27.0
4	0	4	-20.4
4	1	4	-27.0
4	2	4	-27.0
4	3	4	-27.0
4	4	4	-33.6
4	5	4	-40.2
4	6	4	-46.8
4	7	4	-46.8
4	8	4	-53.4
5	-8	4	-53.4
5	-7	4	-53.4
5	-6	4	-46.8
5	-5	4	-40.2
5	-4	4	-40.2
5	-3	4	-33.6
5	-2	4	-33.6
5	-1	4	-27.0
5	0	4	-27.0
5	1	4	-27.0
5	2	4	-33.6
5	3	4	-33.6
5	4	4	-40.2
5	5	4	-40.2
5	6	4	-46.8
5	7	4	-53.4
5	8	4	-53.4
6	-7	4	-53.4
6	-6	4	-53.4
6	-5	4	-46.8
6	-4	4	-46.8
6	-3	4	-40.2
6	-2	4	-40.2
6	-1	4	-33.6
6	0	4	-33.6
6	1	4	-33.6
6	2	4	-40.2
6	3	4	-40.2
6	4	4	-46.8
6	5	4	-46.8
6	6	4	-53.4
6	7	4	-53.4
7	-6	4	-53.4
7	-5	4	-53.4
7	-4	4	-46.8
7	-3	4	-46.8
7	-2	4	-46.8
7	-1	4	-40.2
7	0	4	-40.2
7	1	4	-40.2
7	2	4	-46.8
7	3	4	-46.8
7	4	4	-46.8
7	5	4	-53.4
7	6	4	-53.4
8	-5	4	-53.4
8	-4	4	-53.4
8	-3	4	-53.4
8	-2	4	-53.4
8	-1	4	-46.8
8	0	4	-46.8
8	1	4	-46.8
8	2	4	-53.4
8	3	4	-53.4
8	4	4	-53.4
8	5	4	-53.4
9	-3	4	-53.4
9	-2	4	-53.4
9	-1	4	-53.4
9	0	4	-53.4
9	1	4	-53.4
9	2	4	-53.4
9	3	4	-53.4
-9	-3	5	-53.4
-9	-2	5	-53.4
-9	-1	5	-53.4
-9	0	5	-53.4
-9	1	5	-53.4
-9	2	5	-53.4
-9	3	5	-53.4
-8	-5	5	-53.4
-8	-4	5	-53.4
-8	-3	5	-53.4
-8	-2	5	-46.8
-8	-1	5	-46.8
-8	0	5	-46.8
-8	1	5	-46.8
-8	2	5	-46.8
-8	3	5	-53.4
-8	4	5	-53.4
-8	5	5	-53.4
-7	-6	5	-53.4
-7	-5	5	-53.4
-7	-4	5	-46.8
-7	-3	5	-46.8
-7	-2	5	-40.2
-7	-1	5	-40.2
-7	0	5	-40.2
-7	1	5	-40.2
-7	2	5	-40.2
-7	3	5	-46.8
-7	4	5	-46.8
-7	5	5	-53.4
-7	6	5	-53.4
-6	-7	5	-53.4
-6	-6	5	-53.4
-6	-5	5	-46.8
-6	-4	5	-40.2
-6	-3	5	-40.2
-6	-2	5	-33.6
-6	-1	5	-33.6
-6	0	5	-33.6
-6	1	5	-33.6
-6	2	5	-33.6
-6	3	5	-40.2
-6	4	5	-40.2
-6	5	5	-46.8
-6	6	5	-53.4
-6	7	5	-53.4
-5	-8	5	-53.4
-5	-7	5	-53.4
-5	-6	5	-46.8
-5	-5	5	-40.2
-5	-4	5	-33.6
-5	-3	5	-33.6
-5	-2	5	-27.0
-5	-1	5	-27.0
-5	0	5	-27.0
-5	1	5	-27.0
-5	2	5	-27.0
-5	3	5	-33.6
-5	4	5	-33.6
-5	5	5	-40.2
-5	6	5	-46.8
-5	7	5	-53.4
-5	8	5	-53.4
-4	-8	5	-53.4
-4	-7	5	-46.8
-4	-6	5	-40.2
-4	-5	5	-33.6
-4	-4	5	-33.6
-4	-3	5	-27.0
-4	-2	5	-20.4
-4	-1	5	-20.4
-4	0	5	-20.4
-4	1	5	-20.4
-4	2	5	-20.4
-4	3	5	-27.0
-4	4	5	-33.6
-4	5	5	-33.6
-4	6	5	-40.2
-4	7	5	-46.8
-4	8	5	-53.4
-3	-9	5	-53.4
-3	-8	5	-53.4
-3	-7	5	-46.8
-3	-6	5	-40.2
-3	-5	5	-33.6
-3	-4	5	-27.0
-3	-3	5	-20.4
-3	-2	5	-20.4
-3	-1	5	-13.8
-3	0	5	-13.8
-3	1	5	-13.8
-3	2	5	-20.4
-3	3	5	-20.4
-3	4	5	-27.0
-3	5	5	-33.6
-3	6	5	-40.2
-3	7	5	-46.8
-3	8	5	-53.4
-3	9	5	-53.4
-2	-9	5	-53.4
-2	-8	5	-46.8
-2	-7	5	-40.2
-2	-6	5	-33.6
-2	-5	5	-27.0
-2	-4	5	-20.4
-2	-3	5	-20.4
-2	-2	5	-13.8
-2	-1	5	-13.8
-2	0	5	-13.8
-2	1	5	-13.8
-2	2	5	-13.8
-2	3	5	-20.4
-2	4	5	-20.4
-2	5	5	-27.0
-2	6	5	-33.6
-2	7	5	-40.2
-2	8	5	-46.8
-2	9	5	-53.4
-1	-9	5	-53.4
-1	-8	5	-46.8
-1	-7	5	-40.2
-1	-6	5	-33.6
-1	-5	5	-27.0
-1	-4	5	-20.4
-1	-3	5	-13.8
-1	-2	5	-13.8
-1	-1	5	-13.8
-1	0	5	-13.8
-1	1	5	-13.8
-1	2	5	-13.8
-1	3	5	-13.8
-1	4	5	-20.4
-1	5	5	-27.0
-1	6	5	-33.6
-1	7	5	-40.2
-1	8	5	-46.8
-1	9	5	-53.4
0	-9	5	-53.4
0	-8	5	-46.8
0	-7	5	-40.2
0	-6	5	-33.6
0	-5	5	-27.0
0	-4	5	-20.4
0	-3	5	-13.8
0	-2	5	-13.8
0	-1	5	-13.8
0	0	5	-13.8
0	1	5	-13.8
0	2	5	-13.8
0	3	5	-13.8
0	4	5	-20.4
0	5	5	-27.0
0	6	5	-33.6
0	7	5	-40.2
0	8	5	-46.8
0	9	5	-53.4
1	-9	5	-53.4
1	-8	5	-46.8
1	-7	5	-40.2
1	-6	5	-33.6
1	-5	5	-27.0
1	-4	5	-20.4
1	-3	5	-13.8
1	-2	5	-13.8
1	-1	5	-13.8
1	0	5	-13.8
1	1	5	-13.8
1	2	5	-13.8
1	3	5	-13.8
1	4	5	-20.4
1	5	5	-27.0
1	6	5	-33.6
1	7	5	-40.2
1	8	5	-46.8
1	9	5	-53.4
2	-9	5	-53.4
2	-8	5	-46.8
2	-7	5	-40.2
2	-6	5	-33.6
2	-5	5	-27.0
2	-4	5	-20.4
2	-3	5	-20.4
2	-2	5	-13.8
2	-1	5	-13.8
2	0	5	-13.8
2	1	5	-13.8
2	2	5	-13.8
2	3	5	-20.4
2	4	5	-20.4
2	5	5	-27.0
2	6	5	-33.6
2	7	5	-40.2
2	8	5	-46.8
2	9	5	-53.4
3	-9	5	-53.4
3	-8	5	-53.4
3	-7	5	-46.8
3	-6	5	-40.2
3	-5	5	-33.6
3	-4	5	-27.0
3	-3	5	-20.4
3	-2	5	-20.4
3	-1	5	-13.8
3	0	5	-13.8
3	1	5	-13.8
3	2	5	-20.4
3	3	5	-20.4
3	4	5	-27.0
3	5	5	-33.6
3	6	5	-40.2
3	7	5	-46.8
3	8	5	-53.4
3	9	5	-53.4
4	-8	5	-53.4
4	-7	5	-46.8
4	-6	5	-40.2
4	-5	5	-33.6
4	-4	5	-33.6
4	-3	5	-27.0
4	-2	5	-20.4
4	-1	5	-20.4
4	0	5	-20.4
4	1	5	-20.4
4	2	5	-20.4
4	3	5	-27.0
4	4	5	-33.6
4	5	5	-33.6
4	6	5	-40.2
4	7	5	-46.8
4	8	5	-53.4
5	-8	5	-53.4
5	-7	5	-53.4
5	-6	5	-46.8
5	-5	5	-40.2
5	-4	5	-33.6
5	-3	5	-33.6
5	-2	5	-27.0
5	-1	5	-27.0
5	0	5	-27.0
5	1	5	-27.0
5	2	5	-27.0
5	3	5	-33.6
5	4	5	-33.6
5	5	5	-40.2
5	6	5	-46.8
5	7	5	-53.4
5	8	5	-53.4
6	-7	5	-53.4
6	-6	5	-53.4
6	-5	5	-46.8
6	-4	5	-40.2
6	-3	5	-40.2
6	-2	5	-33.6
6	-1	5	-33.6
6	0	5	-33.6
6	1	5	-33.6
6	2	5	-33.6
6	3	5	-40.2
6	4	5	-40.2
6	5	5	-46.8
6	6	5	-53.4
6	7	5	-53.4
7	-6	5	-53.4
7	-5	5	-53.4
7	-4	5	-46.8
7	-3	5	-46.8
7	-2	5	-40.2
7	-1	5	-40.2
7	0	5	-40.2
7	1	5	-40.2
7	2	5	-40.2
7	3	5	-46.8
7	4	5	-46.8
7	5	5	-53.4
7	6	5	-53.4
8	-5	5	-53.4
8	-4	5	-53.4
8	-3	5	-53.4
8	-2	5	-46.8
8	-1	5	-46.8
8	0	5	-46.8
8	1	5	-46.8
8	2	5	-46.8
8	3	5	-53.4
8	4	5	-53.4
8	5	5	-53.4
9	-3	5	-53.4
9	-2	5	-53.4
9	-1	5	-53.4
9	0	5	-53.4
9	1	5	-53.4
9	2	5	-53.4
9	3	5	-53.4
-9	-3	6	-53.4
-9	-2	6	-53.4
-9	-1	6	-53.4
-9	0	6	-53.4
-9	1	6	-53.4
-9	2	6	-53.4
-9	3	6	-53.4
-8	-5	6	-53.4
-8	-4	6	-53.4
-8	-3	6	-53.4
-8	-2	6	-46.8
-8	-1	6	-46.8
-8	0	6	-46.8
-8	1	6	-46.8
-8	2	6	-46.8
-8	3	6	-53.4
-8	4	6	-53.4
-8	5	6	-53.4
-7	-6	6	-53.4
-7	-5	6	-53.4
-7	-4	6	-46.8
-7	-3	6	-46.8
-7	-2	6	-40.2
-7	-1	6	-40.2
-7	0	6	-40.2
-7	1	6	-40.2
-7	2	6	-40.2
-7	3	6	-46.8
-7	4	6	-46.8
-7	5	6	-53.4
-7	6	6	-53.4
-6	-7	6	-53.4
-6	-6	6	-53.4
-6	-5	6	-46.8
-6	-4	6	-40.2
-6	-3	6	-40.2
-6	-2	6	-33.6
-6	-1	6	-33.6
-6	0	6	-33.6
-6	1	6	-33.6
-6	2	6	-33.6
-6	3	6	-40.2
-6	4	6	-40.2
-6	5	6	-46.8
-6	6	6	-53.4
-6	7	6	-53.4
-5	-8	6	-53.4
-5	-7	6	-53.4
-5	-6	6	-46.8
-5	-5	6	-40.2
-5	-4	6	-33.6
-5	-3	6	-33.6
-5	-2	6	-27.0
-5	-1	6	-27.0
-5	0	6	-27.0
-5	1	6	-27.0
-5	2	6	-27.0
-5	3	6	-33.6
-5	4	6	-33.6
-5	5	6	-40.2
-5	6	6	-46.8
-5	7	6	-53.4
-5	8	6	-53.4
-4	-8	6	-53.4
-4	-7	6	-46.8
-4	-6	6	-40.2
-4	-5	6	-33.6
-4	-4	6	-27.0
-4	-3	6	-27.0
-4	-2	6	-20.4
-4	-1	6	-20.4
-4	0	6	-20.4
-4	1	6	-20.4
-4	2	6	-20.4
-4	3	6	-27.0
-4	4	6	-27.0
-4	5	6	-33.6
-4	6	6	-40.2
-4	7	6	-46.8
-4	8	6	-53.4
-3	-9	6	-53.4
-3	-8	6	-53.4
-3	-7	6	-46.8
-3	-6	6	-40.2
-3	-5	6	-33.6
-3	-4	6	-27.0
-3	-3	6	-20.4
-3	-2	6	-13.8
-3	-1	6	-13.8
-3	0	6	-13.8
-3	1	6	-13.8
-3	2	6	-13.8
-3	3	6	-20.4
-3	4	6	-27.0
-3	5	6	-33.6
-3	6	6	-40.2
-3	7	6	-46.8
-3	8	6	-53.4
-3	9	6	-53.4
-2	-9	6	-53.4
-2	-8	6	-46.8
-2	-7	6	-40.2
-2	-6	6	-33.6
-2	-5	6	-27.0
-2	-4	6	-20.4
-2	-3	6	-13.8
-2	-2	6	-13.8
-2	-1	6	-7.2
-2	0	6	-7.2
-2	1	6	-7.2
-2	2	6	-13.8
-2	3	6	-13.8
-2	4	6	-20.4
-2	5	6	-27.0
-2	6	6	-33.6
-2	7	6	-40.2
-2	8	6	-46.8
-2	9	6	-53.4
-1	-9	6	-53.4
-1	-8	6	-46.8
-1	-7	6	-40.2
-1	-6	6	-33.6
-1	-5	6	-27.0
-1	-4	6	-20.4
-1	-3	6	-13.8
-1	-2	6	-7.2
-1	-1	6	-7.2
-1	0	6	-7.2
-1	1	6	-7.2
-1	2	6	-7.2
-1	3	6	-13.8
-1	4	6	-20.4
-1	5	6	-27.0
-1	6	6	-33.6
-1	7	6	-40.2
-1	8	6	-46.8
-1	9	6	-53.4
0	-9	6	-53.4
0	-8	6	-46.8
0	-7	6	-40.2
0	-6	6	-33.6
0	-5	6	-27.0
0	-4	6	-20.4
0	-3	6	-13.8
0	-2	6	-7.2
0	-1	6	-7.2
0	0	6	-13.8
0	1	6	-7.2
0	2	6	-7.2
0	3	6	-13.8
0	4	6	-20.4
0	5	6	-27.0
0	6	6	-33.6
0	7	6	-40.2
0	8	6	-46.8
0	9	6	-53.4
1	-9	6	-53.4
1	-8	6	-46.8
1	-7	6	-40.2
1	-6	6	-33.6
1	-5	6	-27.0
1	-4	6	-20.4
1	-3	6	-13.8
1	-2	6	-7.2
1	-1	6	-7.2
1	0	6	-7.2
1	1	6	-7.2
1	2	6	-7.2
1	3	6	-13.8
1	4	6	-20.4
1	5	6	-27.0
1	6	6	-33.6
1	7	6	-40.2
1	8	6	-46.8
1	9	6	-53.4
2	-9	6	-53.4
2	-8	6	-46.8
2	-7	6	-40.2
2	-6	6	-33.6
2	-5	6	-27.0
2	-4	6	-20.4
2	-3	6	-13.8
2	-2	6	-13.8
2	-1	6	-7.2
2	0	6	-7.2
2	1	6	-7.2
2	2	6	-13.8
2	3	6	-13.8
2	4	6	-20.4
2	5	6	-27.0
2	6	6	-33.6
2	7	6	-40.2
2	8	6	-46.8
2	9	6	-53.4
3	-9	6	-53.4
3	-8	6	-53.4
3	-7	6	-46.8
3	-6	6	-40.2
3	-5	6	-33.6
3	-4	6	-27.0
3	-3	6	-20.4
3	-2	6	-13.8
3	-1	6	-13.8
3	0	6	-13.8
3	1	6	-13.8
3	2	6	-13.8
3	3	6	-20.4
3	4	6	-27.0
3	5	6	-33.6
3	6	6	-40.2
3	7	6	-46.8
3	8	6	-53.4
3	9	6	-53.4
4	-8	6	-53.4
4	-7	6	-46.8
4	-6	6	-40.2
4	-5	6	-33.6
4	-4	6	-27.0
4	-3	6	-27.0
4	-2	6	-20.4
4	-1	6	-20.4
4	0	6	-20.4
4	1	6	-20.4
4	2	6	-20.4
4	3	6	-27.0
4	4	6	-27.0
4	5	6	-33.6
4	6	6	-40.2
4	7	6	-46.8
4	8	6	-53.4
5	-8	6	-53.4
5	-7	6	-53.4
5	-6	6	-46.8
5	-5	6	-40.2
5	-4	6	-33.6
5	-3	6	-33.6
5	-2	6	-27.0
5	-1	6	-27.0
5	0	6	-27.0
5	1	6	-27.0
5	2	6	-27.0
5	3	6	-33.6
5	4	6	-33.6
5	5	6	-40.2
5	6	6	-46.8
5	7	6	-53.4
5	8	6	-53.4
6	-7	6	-53.4
6	-6	6	-53.4
6	-5	6	-46.8
6	-4	6	-40.2
6	-3	6	-40.2
6	-2	6	-33.6
6	-1	6	-33.6
6	0	6	-33.6
6	1	6	-33.6
6	2	6	-33.6
6	3	6	-40.2
6	4	6	-40.2
6	5	6	-46.8
6	6	6	-53.4
6	7	6	-53.4
7	-6	6	-53.4
7	-5	6	-53.4
7	-4	6	-46.8
7	-3	6	-46.8
7	-2	6	-40.2
7	-1	6	-40.2
7	0	6	-40.2
7	1	6	-40.2
7	2	6	-40.2
7	3	6	-46.8
7	4	6	-46.8
7	5	6	-53.4
7	6	6	-53.4
8	-5	6	-53.4
8	-4	6	-53.4
8	-3	6	-53.4
8	-2	6	-46.8
8	-1	6	-46.8
8	0	6	-46.8
8	1	6	-46.8
8	2	6	-46.8
8	3	6	-53.4
8	4	6	-53.4
8	5	6	-53.4
9	-3	6	-53.4
9	-2	6	-53.4
9	-1	6	-53.4
9	0	6	-53.4
9	1	6	-53.4
9	2	6	-53.4
9	3	6	-53.4
-9	-3	7	-53.4
-9	-2	7	-53.4
-9	-1	7	-53.4
-9	0	7	-53.4
-9	1	7	-53.4
-9	2	7	-53.4
-9	3	7	-53.4
-8	-5	7	-53.4
-8	-4	7	-53.4
-8	-3	7	-46.8
-8	-2	7	-46.8
-8	-1	7	-46.8
-8	0	7	-46.8
-8	1	7	-46.8
-8	2	7	-46.8
-8	3	7	-46.8
-8	4	7	-53.4
-8	5	7	-53.4
-7	-6	7	-53.4
-7	-5	7	-53.4
-7	-4	7	-46.8
-7	-3	7	-40.2
-7	-2	7	-40.2
-7	-1	7	-40.2
-7	0	7	-40.2
-7	1	7	-40.2
-7	2	7	-40.2
-7	3	7	-40.2
-7	4	7	-46.8
-7	5	7	-53.4
-7	6	7	-53.4
-6	-7	7	-53.4
-6	-6	7	-46.8
-6	-5	7	-46.8
-6	-4	7	-40.2
-6	-3	7	-33.6
-6	-2	7	-33.6
-6	-1	7	-33.6
-6	0	7	-27.0
-6	1	7	-33.6
-6	2	7	-33.6
-6	3	7	-33.6
-6	4	7	-40.2
-6	5	7	-46.8
-6	6	7	-46.8
-6	7	7	-53.4
-5	-8	7	-53.4
-5	-7	7	-53.4
-5	-6	7	-46.8
-5	-5	7	-40.2
-5	-4	7	-33.6
-5	-3	7	-27.0
-5	-2	7	-27.0
-5	-1	7	-20.4
-5	0	7	-20.4
-5	1	7	-20.4
-5	2	7	-27.0
-5	3	7	-27.0
-5	4	7	-33.6
-5	5	7	-40.2
-5	6	7	-46.8
-5	7	7	-53.4
-5	8	7	-53.4
-4	-8	7	-53.4
-4	-7	7	-46.8
-4	-6	7	-40.2
-4	-5	7	-33.6
-4	-4	7	-27.0
-4	-3	7	-20.4
-4	-2	7	-20.4
-4	-1	7	-13.8
-4	0	7	-13.8
-4	1	7	-13.8
-4	2	7	-20.4
-4	3	7	-20.4
-4	4	7	-27.0
-4	5	7	-33.6
-4	6	7	-40.2
-4	7	7	-46.8
-4	8	7	-53.4
-3	-9	7	-53.4
-3	-8	7	-46.8
-3	-7	7	-40.2
-3	-6	7	-33.6
-3	-5	7	-27.0
-3	-4	7	-20.4
-3	-3	7	-13.8
-3	-2	7	-13.8
-3	-1	7	-13.8
-3	0	7	-7.2
-3	1	7	-13.8
-3	2	7	-13.8
-3	3	7	-13.8
-3	4	7	-20.4
-3	5	7	-27.0
-3	6	7	-33.6
-3	7	7	-40.2
-3	8	7	-46.8
-3	9	7	-53.4
-2	-9	7	-53.4
-2	-8	7	-46.8
-2	-7	7	-40.2
-2	-6	7	-33.6
-2	-5	7	-27.0
-2	-4	7	-20.4
-2	-3	7	-13.8
-2	-2	7	-7.2
-2	-1	7	-7.2
-2	0	7	-7.2
-2	1	7	-7.2
-2	2	7	-7.2
-2	3	7	-13.8
-2	4	7	-20.4
-2	5	7	-27.0
-2	6	7	-33.6
-2	7	7	-40.2
-2	8	7	-46.8
-2	9	7	-53.4
-1	-9	7	-53.4
-1	-8	7	-46.8
-1	-7	7	-40.2
-1	-6	7	-33.6
-1	-5	7	-20.4
-1	-4	7	-13.8
-1	-3	7	-13.8
-1	-2	7	-7.2
-1	-1	7	-7.2
-1	0	7	-7.2
-1	1	7	-7.2
-1	2	7	-7.2
-1	3	7	-13.8
-1	4	7	-13.8
-1	5	7	-20.4
-1	6	7	-33.6
-1	7	7	-40.2
-1	8	7	-46.8
-1	9	7	-53.4
0	-9	7	-53.4
0	-8	7	-46.8
0	-7	7	-40.2
0	-6	7	-27.0
0	-5	7	-20.4
0	-4	7	-13.8
0	-3	7	-7.2
0	-2	7	-7.2
0	-1	7	-7.2
0	0	7	-7.2
0	1	7	-7.2
0	2	7	-7.2
0	3	7	-7.2
0	4	7	-13.8
0	5	7	-20.4
0	6	7	-27.0
0	7	7	-40.2
0	8	7	-46.8
0	9	7	-53.4
1	-9	7	-53.4
1	-8	7	-46.8
1	-7	7	-40.2
1	-6	7	-33.6
1	-5	7	-20.4
1	-4	7	-13.8
1	-3	7	-13.8
1	-2	7	-7.2
1	-1	7	-7.2
1	0	7	-7.2
1	1	7	-7.2
1	2	7	-7.2
1	3	7	-13.8
1	4	7	-13.8
1	5	7	-20.4
1	6	7	-33.6
1	7	7	-40.2
1	8	7	-46.8
1	9	7	-53.4
2	-9	7	-53.4
2	-8	7	-46.8
2	-7	7	-40.2
2	-6	7	-33.6
2	-5	7	-27.0
2	-4	7	-20.4
2	-3	7	-13.8
2	-2	7	-7.2
2	-1	7	-7.2
2	0	7	-7.2
2	1	7	-7.2
2	2	7	-7.2
2	3	7	-13.8
2	4	7	-20.4
2	5	7	-27.0
2	6	7	-33.6
2	7	7	-40.2
2	8	7	-46.8
2	9	7	-53.4
3	-9	7	-53.4
3	-8	7	-46.8
3	-7	7	-40.2
3	-6	7	-33.6
3	-5	7	-27.0
3	-4	7	-20.4
3	-3	7	-13.8
3	-2	7	-13.8
3	-1	7	-13.8
3	0	7	-7.2
3	1	7	-13.8
3	2	7	-13.8
3	3	7	-13.8
3	4	7	-20.4
3	5	7	-27.0
3	6	7	-33.6
3	7	7	-40.2
3	8	7	-46.8
3	9	7	-53.4
4	-8	7	-53.4
4	-7	7	-46.8
4	-6	7	-40.2
4	-5	7	-33.6
4	-4	7	-27.0
4	-3	7	-20.4
4	-2	7	-20.4
4	-1	7	-13.8
4	0	7	-13.8
4	1	7	-13.8
4	2	7	-20.4
4	3	7	-20.4
4	4	7	-27.0
4	5	7	-33.6
4	6	7	-40.2
4	7	7	-46.8
4	8	7	-53.4
5	-8	7	-53.4
5	-7	7	-53.4
5	-6	7	-46.8
5	-5	7	-40.2
5	-4	7	-33.6
5	-3	7	-27.0
5	-2	7	-27.0
5	-1	7	-20.4
5	0	7	-20.4
5	1	7	-20.4
5	2	7	-27.0
5	3	7	-27.0
5	4	7	-33.6
5	5	7	-40.2
5	6	7	-46.8
5	7	7	-53.4
5	8	7	-53.4
6	-7	7	-53.4
6	-6	7	-46.8
6	-5	7	-46.8
6	-4	7	-40.2
6	-3	7	-33.6
6	-2	7	-33.6
6	-1	7	-33.6
6	0	7	-27.0
6	1	7	-33.6
6	2	7	-33.6
6	3	7	-33.6
6	4	7	-40.2
6	5	7	-46.8
6	6	7	-46.8
6	7	7	-53.4
7	-6	7	-53.4
7	-5	7	-53.4
7	-4	7	-46.8
7	-3	7	-40.2
7	-2	7	-40.2
7	-1	7	-40.2
7	0	7	-40.2
7	1	7	-40.2
7	2	7	-40.2
7	3	7	-40.2
7	4	7	-46.8
7	5	7	-53.4
7	6	7	-53.4
8	-5	7	-53.4
8	-4	7	-53.4
8	-3	7	-46.8
8	-2	7	-46.8
8	-1	7	-46.8
8	0	7	-46.8
8	1	7	-46.8
8	2	7	-46.8
8	3	7	-46.8
8	4	7	-53.4
8	5	7	-53.4
9	-3	7	-53.4
9	-2	7	-53.4
9	-1	7	-53.4
9	0	7	-53.4
9	1	7	-53.4
9	2	7	-53.4
9	3	7	-53.4
-9	-3	8	-53.4
-9	-2	8	-53.4
-9	-1	8	-53.4
-9	0	8	-53.4
-9	1	8	-53.4
-9	2	8	-53.4
-9	3	8	-53.4
-8	-5	8	-53.4
-8	-4	8	-53.4
-8	-3	8	-46.8
-8	-2	8	-46.8
-8	-1	8	-46.8
-8	0	8	-46.8
-8	1	8	-46.8
-8	2	8	-46.8
-8	3	8	-46.8
-8	4	8	-53.4
-8	5	8	-53.4
-7	-6	8	-53.4
-7	-5	8	-46.8
-7	-4	8	-46.8
-7	-3	8	-40.2
-7	-2	8	-40.2
-7	-1	8	-40.2
-7	0	8	-40.2
-7	1	8	-40.2
-7	2	8	-40.2
-7	3	8	-40.2
-7	4	8	-46.8
-7	5	8	-46.8
-7	6	8	-53.4
-6	-7	8	-53.4
-6	-6	8	-46.8
-6	-5	8	-46.8
-6	-4	8	-40.2
-6	-3	8	-33.6
-6	-2	8	-33.6
-6	-1	8	-27.0
-6	0	8	-27.0
-6	1	8	-27.0
-6	2	8	-33.6
-6	3	8	-33.6
-6	4	8	-40.2
-6	5	8	-46.8
-6	6	8	-46.8
-6	7	8	-53.4
-5	-8	8	-53.4
-5	-7	8	-46.8
-5	-6	8	-46.8
-5	-5	8	-40.2
-5	-4	8	-33.6
-5	-3	8	-27.0
-5	-2	8	-27.0
-5	-1	8	-20.4
-5	0	8	-20.4
-5	1	8	-20.4
-5	2	8	-27.0
-5	3	8	-27.0
-5	4	8	-33.6
-5	5	8	-40.2
-5	6	8	-46.8
-5	7	8	-46.8
-5	8	8	-53.4
-4	-8	8	-53.4
-4	-7	8	-46.8
-4	-6	8	-40.2
-4	-5	8	-33.6
-4	-4	8	-27.0
-4	-3	8	-20.4
-4	-2	8	-13.8
-4	-1	8	-13.8
-4	0	8	-13.8
-4	1	8	-13.8
-4	2	8	-13.8
-4	3	8	-20.4
-4	4	8	-27.0
-4	5	8	-33.6
-4	6	8	-40.2
-4	7	8	-46.8
-4	8	8	-53.4
-3	-9	8	-53.4
-3	-8	8	-46.8
-3	-7	8	-40.2
-3	-6	8	-33.6
-3	-5	8	-27.0
-3	-4	8	-20.4
-3	-3	8	-13.8
-3	-2	8	-13.8
-3	-1	8	-7.2
-3	0	8	-7.2
-3	1	8	-7.2
-3	2	8	-13.8
-3	3	8	-13.8
-3	4	8	-20.4
-3	5	8	-27.0
-3	6	8	-33.6
-3	7	8	-40.2
-3	8	8	-46.8
-3	9	8	-53.4
-2	-9	8	-53.4
-2	-8	8	-46.8
-2	-7	8	-40.2
-2	-6	8	-33.6
-2	-5	8	-27.0
-2	-4	8	-13.8
-2	-3	8	-13.8
-2	-2	8	-7.2
-2	-1	8	-7.2
-2	0	8	-7.2
-2	1	8	-7.2
-2	2	8	-7.2
-2	3	8	-13.8
-2	4	8	-13.8
-2	5	8	-27.0
-2	6	8	-33.6
-2	7	8	-40.2
-2	8	8	-46.8
-2	9	8	-53.4
-1	-9	8	-53.4
-1	-8	8	-46.8
-1	-7	8	-40.2
-1	-6	8	-27.0
-1	-5	8	-20.4
-1	-4	8	-13.8
-1	-3	8	-7.2
-1	-2	8	-7.2
-1	-1	8	-0.599998
-1	0	8	-7.2
-1	1	8	-0.599998
-1	2	8	-7.2
-1	3	8	-7.2
-1	4	8	-13.8
-1	5	8	-20.4
-1	6	8	-27.0
-1	7	8	-40.2
-1	8	8	-46.8
-1	9	8	-53.4
0	-9	8	-53.4
0	-8	8	-46.8
0	-7	8	-40.2
0	-6	8	-27.0
0	-5	8	-20.4
0	-4	8	-13.8
0	-3	8	-7.2
0	-2	8	-7.2
0	-1	8	-7.2
0	0	8	-7.2
0	1	8	-7.2
0	2	8	-7.2
0	3	8	-7.2
0	4	8	-13.8
0	5	8	-20.4
0	6	8	-27.0
0	7	8	-40.2
0	8	8	-46.8
0	9	8	-53.4
1	-9	8	-53.4
1	-8	8	-46.8
1	-7	8	-40.2
1	-6	8	-27.0
1	-5	8	-20.4
1	-4	8	-13.8
1	-3	8	-7.2
1	-2	8	-7.2
1	-1	8	-0.599998
1	0	8	-7.2
1	1	8	-0.599998
1	2	8	-7.2
1	3	8	-7.2
1	4	8	-13.8
1	5	8	-20.4
1	6	8	-27.0
1	7	8	-40.2
1	8	8	-46.8
1	9	8	-53.4
2	-9	8	-53.4
2	-8	8	-46.8
2	-7	8	-40.2
2	-6	8	-33.6
2	-5	8	-27.0
2	-4	8	-13.8
2	-3	8	-13.8
2	-2	8	-7.2
2	-1	8	-7.2
2	0	8	-7.2
2	1	8	-7.2
2	2	8	-7.2
2	3	8	-13.8
2	4	8	-13.8
2	5	8	-27.0
2	6	8	-33.6
2	7	8	-40.2
2	8	8	-46.8
2	9	8	-53.4
3	-9	8	-53.4
3	-8	8	-46.8
3	-7	8	-40.2
3	-6	8	-33.6
3	-5	8	-27.0
3	-4	8	-20.4
3	-3	8	-13.8
3	-2	8	-13.8
3	-1	8	-7.2
3	0	8	-7.2
3	1	8	-7.2
3	2	8	-13.8
3	3	8	-13.8
3	4	8	-20.4
3	5	8	-27.0
3	6	8	-33.6
3	7	8	-40.2
3	8	8	-46.8
3	9	8	-53.4
4	-8	8	-53.4
4	-7	8	-46.8
4	-6	8	-40.2
4	-5	8	-33.6
4	-4	8	-27.0
4	-3	8	-20.4
4	-2	8	-13.8
4	-1	8	-13.8
4	0	8	-13.8
4	1	8	-13.8
4	2	8	-13.8
4	3	8	-20.4
4	4	8	-27.0
4	5	8	-33.6
4	6	8	-40.2
4	7	8	-46.8
4	8	8	-53.4
5	-8	8	-53.4
5	-7	8	-46.8
5	-6	8	-46.8
5	-5	8	-40.2
5	-4	8	-33.6
5	-3	8	-27.0
5	-2	8	-27.0
5	-1	8	-20.4
5	0	8	-20.4
5	1	8	-20.4
5	2	8	-27.0
5	3	8	-27.0
5	4	8	-33.6
5	5	8	-40.2
5	6	8	-46.8
5	7	8	-46.8
5	8	8	-53.4
6	-7	8	-53.4
6	-6	8	-46.8
6	-5	8	-46.8
6	-4	8	-40.2
6	-3	8	-33.6
6	-2	8	-33.6
6	-1	8	-27.0
6	0	8	-27.0
6	1	8	-27.0
6	2	8	-33.6
6	3	8	-33.6
6	4	8	-40.2
6	5	8	-46.8
6	6	8	-46.8
6	7	8	-53.4
7	-6	8	-53.4
7	-5	8	-46.8
7	-4	8	-46.8
7	-3	8	-40.2
7	-2	8	-40.2
7	-1	8	-40.2
7	0	8	-40.2
7	1	8	-40.2
7	2	8	-40.2
7	3	8	-40.2
7	4	8	-46.8
7	5	8	-46.8
7	6	8	-53.4
8	-5	8	-53.4
8	-4	8	-53.4
8	-3	8	-46.8
8	-2	8	-46.8
8	-1	8	-46.8
8	0	8	-46.8
8	1	8	-46.8
8	2	8	-46.8
8	3	8	-46.8
8	4	8	-53.4
8	5	8	-53.4
9	-3	8	-53.4
9	-2	8	-53.4
9	-1	8	-53.4
9	0	8	-53.4
9	1	8	-53.4
9	2	8	-53.4
9	3	8	-53.4
-9	-3	9	-53.4
-9	-2	9	-53.4
-9	-1	9	-53.4
-9	0	9	-53.4
-9	1	9	-53.4
-9	2	9	-53.4
-9	3	9	-53.4
-8	-5	9	-53.4
-8	-4	9	-53.4
-8	-3	9	-46.8
-8	-2	9	-46.8
-8	-1	9	-46.8
-8	0	9	-46.8
-8	1	9	-46.8
-8	2	9	-46.8
-8	3	9	-46.8
-8	4	9	-53.4
-8	5	9	-53.4
-7	-6	9	-53.4
-7	-5	9	-46.8
-7	-4	9	-46.8
-7	-3	9	-40.2
-7	-2	9	-40.2
-7	-1	9	-40.2
-7	0	9	-33.6
-7	1	9	-40.2
-7	2	9	-40.2
-7	3	9	-40.2
-7	4	9	-46.8
-7	5	9	-46.8
-7	6	9	-53.4
-6	-7	9	-53.4
-6	-6	9	-46.8
-6	-5	9	-46.8
-6	-4	9	-40.2
-6	-3	9	-33.6
-6	-2	9	-33.6
-6	-1	9	-27.0
-6	0	9	-27.0
-6	1	9	-27.0
-6	2	9	-33.6
-6	3	9	-33.6
-6	4	9	-40.2
-6	5	9	-46.8
-6	6	9	-46.8
-6	7	9	-53.4
-5	-8	9	-53.4
-5	-7	9	-46.8
-5	-6	9	-46.8
-5	-5	9	-40.2
-5	-4	9	-33.6
-5	-3	9	-27.0
-5	-2	9	-20.4
-5	-1	9	-20.4
-5	0	9	-20.4
-5	1	9	-20.4
-5	2	9	-20.4
-5	3	9	-27.0
-5	4	9	-33.6
-5	5	9	-40.2
-5	6	9	-46.8
-5	7	9	-46.8
-5	8	9	-53.4
-4	-8	9	-53.4
-4	-7	9	-46.8
-4	-6	9	-40.2
-4	-5	9	-33.6
-4	-4	9	-27.0
-4	-3	9	-20.4
-4	-2	9	-13.8
-4	-1	9	-13.8
-4	0	9	-13.8
-4	1	9	-13.8
-4	2	9	-13.8
-4	3	9	-20.4
-4	4	9	-27.0
-4	5	9	-33.6
-4	6	9	-40.2
-4	7	9	-46.8
-4	8	9	-53.4
-3	-9	9	-53.4
-3	-8	9	-46.8
-3	-7	9	-40.2
-3	-6	9	-33.6
-3	-5	9	-27.0
-3	-4	9	-20.4
-3	-3	9	-13.8
-3	-2	9	-7.2
-3	-1	9	-7.2
-3	0	9	-7.2
-3	1	9	-7.2
-3	2	9	-7.2
-3	3	9	-13.8
-3	4	9	-20.4
-3	5	9	-27.0
-3	6	9	-33.6
-3	7	9	-40.2
-3	8	9	-46.8
-3	9	9	-53.4
-2	-9	9	-53.4
-2	-8	9	-46.8
-2	-7	9	-40.2
-2	-6	9	-33.6
-2	-5	9	-20.4
-2	-4	9	-13.8
-2	-3	9	-7.2
-2	-2	9	-7.2
-2	-1	9	-0.599998
-2	0	9	-0.599998
-2	1	9	-0.599998
-2	2	9	-7.2
-2	3	9	-7.2
-2	4	9	-13.8
-2	5	9	-20.4
-2	6	9	-33.6
-2	7	9	-40.2
-2	8	9	-46.8
-2	9	9	-53.4
-1	-9	9	-53.4
-1	-8	9	-46.8
-1	-7	9	-40.2
-1	-6	9	-27.0
-1	-5	9	-20.4
-1	-4	9	-13.8
-1	-3	9	-7.2
-1	-2	9	-0.599998
-1	-1	9	-0.599998
-1	0	9	-0.599998
-1	1	9	-0.599998
-1	2	9	-0.599998
-1	3	9	-7.2
-1	4	9	-13.8
-1	5	9	-20.4
-1	6	9	-27.0
-1	7	9	-40.2
-1	8	9	-46.8
-1	9	9	-53.4
0	-9	9	-53.4
0	-8	9	-46.8
0	-7	9	-33.6
0	-6	9	-27.0
0	-5	9	-20.4
0	-4	9	-13.8
0	-3	9	-7.2
0	-2	9	-0.599998
0	-1	9	-0.599998
0	0	9	-7.2
0	1	9	-0.599998
0	2	9	-0.599998
0	3	9	-7.2
0	4	9	-13.8
0	5	9	-20.4
0	6	9	-27.0
0	7	9	-33.6
0	8	9	-46.8
0	9	9	-53.4
1	-9	9	-53.4
1	-8	9	-46.8
1	-7	9	-40.2
1	-6	9	-27.0
1	-5	9	-20.4
1	-4	9	-13.8
1	-3	9	-7.2
1	-2	9	-0.599998
1	-1	9	-0.599998
1	0	9	-0.599998
1	1	9	-0.599998
1	2	9	-0.599998
1	3	9	-7.2
1	4	9	-13.8
1	5	9	-20.4
1	6	9	-27.0
1	7	9	-40.2
1	8	9	-46.8
1	9	9	-53.4
2	-9	9	-53.4
2	-8	9	-46.8
2	-7	9	-40.2
2	-6	9	-33.6
2	-5	9	-20.4
2	-4	9	-13.8
2	-3	9	-7.2
2	-2	9	-7.2
2	-1	9	-0.599998
2	0	9	-0.599998
2	1	9	-0.599998
2	2	9	-7.2
2	3	9	-7.2
2	4	9	-13.8
2	5	9	-20.4
2	6	9	-33.6
2	7	9	-40.2
2	8	9	-46.8
2	9	9	-53.4
3	-9	9	-53.4
3	-8	9	-46.8
3	-7	9	-40.2
3	-6	9	-33.6
3	-5	9	-27.0
3	-4	9	-20.4
3	-3	9	-13.8
3	-2	9	-7.2
3	-1	9	-7.2
3	0	9	-7.2
3	1	9	-7.2
3	2	9	-7.2
3	3	9	-13.8
3	4	9	-20.4
3	5	9	-27.0
3	6	9	-33.6
3	7	9	-40.2
3	8	9	-46.8
3	9	9	-53.4
4	-8	9	-53.4
4	-7	9	-46.8
4	-6	9	-40.2
4	-5	9	-33.6
4	-4	9	-27.0
4	-3	9	-20.4
4	-2	9	-13.8
4	-1	9	-13.8
4	0	9	-13.8
4	1	9	-13.8
4	2	9	-13.8
4	3	9	-20.4
4	4	9	-27.0
4	5	9	-33.6
4	6	9	-40.2
4	7	9	-46.8
4	8	9	-53.4
5	-8	9	-53.4
5	-7	9	-46.8
5	-6	9	-46.8
5	-5	9	-40.2
5	-4	9	-33.6
5	-3	9	-27.0
5	-2	9	-20.4
5	-1	9	-20.4
5	0	9	-20.4
5	1	9	-20.4
5	2	9	-20.4
5	3	9	-27.0
5	4	9	-33.6
5	5	9	-40.2
5	6	9	-46.8
5	7	9	-46.8
5	8	9	-53.4
6	-7	9	-53.4
6	-6	9	-46.8
6	-5	9	-46.8
6	-4	9	-40.2
6	-3	9	-33.6
6	-2	9	-33.6
6	-1	9	-27.0
6	0	9	-27.0
6	1	9	-27.0
6	2	9	-33.6
6	3	9	-33.6
6	4	9	-40.2
6	5	9	-46.8
6	6	9	-46.8
6	7	9	-53.4
7	-6	9	-53.4
7	-5	9	-46.8
7	-4	9	-46.8
7	-3	9	-40.2
7	-2	9	-40.2
7	-1	9	-40.2
7	0	9	-33.6
7	1	9	-40.2
7	2	9	-40.2
7	3	9	-40.2
7	4	9	-46.8
7	5	9	-46.8
7	6	9	-53.4
8	-5	9	-53.4
8	-4	9	-53.4
8	-3	9	-46.8
8	-2	9	-46.8
8	-1	9	-46.8
8	0	9	-46.8
8	1	9	-46.8
8	2	9	-46.8
8	3	9	-46.8
8	4	9	-53.4
8	5	9	-53.4
9	-3	9	-53.4
9	-2	9	-53.4
9	-1	9	-53.4
9	0	9	-53.4
9	1	9	-53.4
9	2	9	-53.4
9	3	9	-53.4
-9	-3	10	-53.4
-9	-2	10	-53.4
-9	-1	10	-53.4
-9	0	10	-53.4
-9	1	10	-53.4
-9	2	10	-53.4
-9	3	10	-53.4
-8	-5	10	-53.4
-8	-4	10	-53.4
-8	-3	10	-46.8
-8	-2	10	-46.8
-8	-1	10	-46.8
-8	0	10	-46.8
-8	1	10	-46.8
-8	2	10	-46.8
-8	3	10	-46.8
-8	4	10	-53.4
-8	5	10	-53.4
-7	-6	10	-53.4
-7	-5	10	-46.8
-7	-4	10	-46.8
-7	-3	10	-40.2
-7	-2	10	-40.2
-7	-1	10	-40.2
-7	0	10	-33.6
-7	1	10	-40.2
-7	2	10	-40.2
-7	3	10	-40.2
-7	4	10	-46.8
-7	5	10	-46.8
-7	6	10	-53.4
-6	-7	10	-53.4
-6	-6	10	-46.8
-6	-5	10	-40.2
-6	-4	10	-40.2
-6	-3	10	-33.6
-6	-2	10	-27.0
-6	-1	10	-27.0
-6	0	10	-27.0
-6	1	10	-27.0
-6	2	10	-27.0
-6	3	10	-33.6
-6	4	10	-40.2
-6	5	10	-40.2
-6	6	10	-46.8
-6	7	10	-53.4
-5	-8	10	-53.4
-5	-7	10	-46.8
-5	-6	10	-40.2
-5	-5	10	-40.2
-5	-4	10	-33.6
-5	-3	10	-27.0
-5	-2	10	-20.4
-5	-1	10	-20.4
-5	0	10	-20.4
-5	1	10	-20.4
-5	2	10	-20.4
-5	3	10	-27.0
-5	4	10	-33.6
-5	5	10	-40.2
-5	6	10	-40.2
-5	7	10	-46.8
-5	8	10	-53.4
-4	-8	10	-53.4
-4	-7	10	-46.8
-4	-6	10	-40.2
-4	-5	10	-33.6
-4	-4	10	-27.0
-4	-3	10	-20.4
-4	-2	10	-13.8
-4	-1	10	-13.8
-4	0	10	-13.8
-4	1	10	-13.8
-4	2	10	-13.8
-4	3	10	-20.4
-4	4	10	-27.0
-4	5	10	-33.6
-4	6	10	-40.2
-4	7	10	-46.8
-4	8	10	-53.4
-3	-9	10	-53.4
-3	-8	10	-46.8
-3	-7	10	-40.2
-3	-6	10	-33.6
-3	-5	10	-27.0
-3	-4	10	-20.4
-3	-3	10	-13.8
-3	-2	10	-7.2
-3	-1	10	-7.2
-3	0	10	-7.2
-3	1	10	-7.2
-3	2	10	-7.2
-3	3	10	-13.8
-3	4	10	-20.4
-3	5	10	-27.0
-3	6	10	-33.6
-3	7	10	-40.2
-3	8	10	-46.8
-3	9	10	-53.4
-2	-9	10	-53.4
-2	-8	10	-46.8
-2	-7	10	-40.2
-2	-6	10	-27.0
-2	-5	10	-20.4
-2	-4	10	-13.8
-2	-3	10	-7.2
-2	-2	10	-7.2
-2	-1	10	-0.599998
-2	0	10	-0.599998
-2	1	10	-0.599998
-2	2	10	-7.2
-2	3	10	-7.2
-2	4	10	-13.8
-2	5	10	-20.4
-2	6	10	-27.0
-2	7	10	-40.2
-2	8	10	-46.8
-2	9	10	-53.4
-1	-9	10	-53.4
-1	-8	10	-46.8
-1	-7	10	-40.2
-1	-6	10	-27.0
-1	-5	10	-20.4
-1	-4	10	-13.8
-1	-3	10	-7.2
-1	-2	10	-0.599998
-1	-1	10	-0.599998
-1	0	10	-0.599998
-1	1	10	-0.599998
-1	2	10	-0.599998
-1	3	10	-7.2
-1	4	10	-13.8
-1	5	10	-20.4
-1	6	10	-27.0
-1	7	10	-40.2
-1	8	10	-46.8
-1	9	10	-53.4
0	-9	10	-53.4
0	-8	10	-46.8
0	-7	10	-33.6
0	-6	10	-27.0
0	-5	10	-20.4
0	-4	10	-13.8
0	-3	10	-7.2
0	-2	10	-0.599998
0	-1	10	-0.599998
0	0	10	-7.2
0	1	10	-0.599998
0	2	10	-0.599998
0	3	10	-7.2
0	4	10	-13.8
0	5	10	-20.4
0	6	10	-27.0
0	7	10	-33.6
0	8	10	-46.8
0	9	10	-53.4
1	-9	10	-53.4
1	-8	10	-46.8
1	-7	10	-40.2
1	-6	10	-27.0
1	-5	10	-20.4
1	-4	10	-13.8
1	-3	10	-7.2
1	-2	10	-0.599998
1	-1	10	-0.599998
1	0	10	-0.599998
1	1	10	-0.599998
1	2	10	-0.599998
1	3	10	-7.2
1	4	10	-13.8
1	5	10	-20.4
1	6	10	-27.0
1	7	10	-40.2
1	8	10	-46.8
1	9	10	-53.4
2	-9	10	-53.4
2	-8	10	-46.8
2	-7	10	-40.2
2	-6	10	-27.0
2	-5	10	-20.4
2	-4	10	-13.8
2	-3	10	-7.2
2	-2	10	-7.2
2	-1	10	-0.599998
2	0	10	-0.599998
2	1	10	-0.599998
2	2	10	-7.2
2	3	10	-7.2
2	4	10	-13.8
2	5	10	-20.4
2	6	10	-27.0
2	7	10	-40.2
2	8	10	-46.8
2	9	10	-53.4
3	-9	10	-53.4
3	-8	10	-46.8
3	-7	10	-40.2
3	-6	10	-33.6
3	-5	10	-27.0
3	-4	10	-20.4
3	-3	10	-13.8
3	-2	10	-7.2
3	-1	10	-7.2
3	0	10	-7.2
3	1	10	-7.2
3	2	10	-7.2
3	3	10	-13.8
3	4	10	-20.4
3	5	10	-27.0
3	6	10	-33.6
3	7	10	-40.2
3	8	10	-46.8
3	9	10	-53.4
4	-8	10	-53.4
4	-7	10	-46.8
4	-6	10	-40.2
4	-5	10	-33.6
4	-4	10	-27.0
4	-3	10	-20.4
4	-2	10	-13.8
4	-1	10	-13.8
4	0	10	-13.8
4	1	10	-13.8
4	2	10	-13.8
4	3	10	-20.4
4	4	10	-27.0
4	5	10	-33.6
4	6	10	-40.2
4	7	10	-46.8
4	8	10	-53.4
5	-8	10	-53.4
5	-7	10	-46.8
5	-6	10	-40.2
5	-5	10	-40.2
5	-4	10	-33.6
5	-3	10	-27.0
5	-2	10	-20.4
5	-1	10	-20.4
5	0	10	-20.4
5	1	10	-20.4
5	2	10	-20.4
5	3	10	-27.0
5	4	10	-33.6
5	5	10	-40.2
5	6	10	-40.2
5	7	10	-46.8
5	8	10	-53.4
6	-7	10	-53.4
6	-6	10	-46.8
6	-5	10	-40.2
6	-4	10	-40.2
6	-3	10	-33.6
6	-2	10	-27.0
6	-1	10	-27.0
6	0	10	-27.0
6	1	10	-27.0
6	2	10	-27.0
6	3	10	-33.6
6	4	10	-40.2
6	5	10	-40.2
6	6	10	-46.8
6	7	10	-53.4
7	-6	10	-53.4
7	-5	10	-46.8
7	-4	10	-46.8
7	-3	10	-40.2
7	-2	10	-40.2
7	-1	10	-40.2
7	0	10	-33.6
7	1	10	-40.2
7	2	10	-40.2
7	3	10	-40.2
7	4	10	-46.8
7	5	10	-46.8
7	6	10	-53.4
8	-5	10	-53.4
8	-4	10	-53.4
8	-3	10	-46.8
8	-2	10	-46.8
8	-1	10	-46.8
8	0	10	-46.8
8	1	10	-46.8
8	2	10	-46.8
8	3	10	-46.8
8	4	10	-53.4
8	5	10	-53.4
9	-3	10	-53.4
9	-2	10	-53.4
9	-1	10	-53.4
9	0	10	-53.4
9	1	10	-53.4
9	2	10	-53.4
9	3	10	-53.4
